#endyr_in
2022
#nages
20
#a_lw_f
0.00618
#b_lw_f
3.1765
#a_lw_m
0.00505
#b_lw_m
3.2243
#nfsh
1
#obs_catch
 12.014 9.964 5.319 7.038 5.874 8.798 9.021 11.843 13.619 37.679 18.75 19.611 40.822 86.366 68.912 35.253 56.0575 52.7227 64.2615 59.6068 55.0291 46.9292 67.8148 33.644 41.0898 49.6679 29.4768 41.8668 36.0861 48.6809 37.3625 36.4559 37.1261 51.2762 48.7158 53.2004 60.5345 75.9451 59.7513 51.6901 45.4676 45.0838 35.2215 28.269 25.8 25.9375 14.3934 16.0143
#nyrs_fsh_age_c
 0
#nyrs_fsh_age_s
 40
#yrs_fsh_age_c

#yrs_fsh_age_s
 1979 1980 1981 1982 1983 1984 1985 1986 1987 1988 1989 1990 1991 1992 1993 1994 1998 1999 2000 2001 2002 2003 2004 2005 2006 2007 2008 2009 2010 2011 2012 2013 2014 2015 2016 2017 2018 2019 2020 2021
#oac_fsh_c

#oac_fsh_s
 0 0 0 0.000209215 0.000164187 0.00105274 0.00855397 0.0430108 0.16303 0.165336 0.0530752 0.0546635 0.0552296 0.0440693 0.0226745 0.0156178 0.000257722 0 0.000109669 0 0 0 0 8.34e-005 0.000490169 0.00071514 0.0105632 0.0220274 0.0504313 0.0891616 0.0634365 0.0741637 0.0421945 0.0171758 0 0.00250299 0 0 0 0
 0 0 0.0083923 0.0426667 0.0619307 0.0339029 0.069585 0.0435024 0.0345273 0.108745 0.0818106 0.0306045 0.0370014 0.0252498 0.0207391 0.00746879 0 0 0 0 0 0.00412853 0.0402993 0.0201805 0.0871304 0.0456849 0.0250792 0.0244199 0.0326448 0.0612131 0.0242412 0.0149257 0.0046968 0.00772301 0.00150626 0 0 0 0 0
 0 9.56e-005 0.0247216 0.0443374 0.0170981 0.135341 0.044579 0.0232841 0.0221222 0.0351523 0.103036 0.0432597 0.0373161 0.0124538 0.0230018 0.0108101 0.00200773 0.000948094 0 0 0 0.00248542 0.0436621 0.0666117 0.036742 0.170666 0.0218895 0.0124747 0.01907 0.0310787 0.0132297 0.000801575 0.00057788 0.000216239 0.000654309 0.000208782 6.71e-005 0 0 0
 0 0 0.0228433 0.0232455 0.02486 0.102162 0.120397 0.103473 0.043176 0.0521799 0.036704 0.0310351 0.0305334 0.0175662 0.00289661 0.00559083 0.00364145 0 0.000893811 0 0 0.00266761 0.0139902 0.0321786 0.0267495 0.0297795 0.08528 0.0483209 0.0167171 0.0211927 0.0189697 0.0525051 0.0229909 0.00745944 0 0 0 0 0 0
 0 0 0.000588229 0.00996645 0.0288763 0.0259604 0.0783695 0.102075 0.0809289 0.0778122 0.0435105 0.0550334 0.110537 0.0526074 0.0392626 0.0393162 0.0075649 0.00464746 0.00150149 0 0 0 0.000159053 0.0085962 0.024337 0.0145772 0.028159 0.046841 0.0145069 0.0192653 0.00306176 0.0114916 0.0311677 0.0187086 0.0161173 0.00445347 0 0 0 0
 0 0 0.00118123 0.0120689 0.0220672 0.0250627 0.0428066 0.0503348 0.0871745 0.0688083 0.0395793 0.0437519 0.0728678 0.0449348 0.041574 0.0319648 0.0090742 0 0.0090742 0 0 0.00221028 0.0103237 0.0670165 0.0413492 0.0176607 0.0650918 0.0318807 0.0603858 0.015145 0.0113024 0.0145822 0.00354485 0.0166578 0.0118675 0.0128456 0.00354485 0 0 0.0122657
 0 0.00161257 0.00765731 0.0503106 0.102398 0.0602491 0.0635485 0.0608005 0.0319531 0.0525167 0.0132678 0.00646384 0.00275998 0.0057615 0.0137919 0.0172102 0.00225967 0.00218053 0.00154366 0.00409828 0 0.00735846 0.0284209 0.0918442 0.149259 0.0956978 0.0417413 0.0305614 0.0243179 0.0145571 0.00274121 0.000177466 0.00153442 0.007084 0.000539536 0.00153566 0.00224608 0 0 0
 0 0 0 0.00216573 0.0338487 0.0705868 0.085543 0.0652861 0.0934052 0.0353335 0.0917138 0.0146466 0.0146426 0.0135543 0.00455297 0.0130549 0.0128471 0.000433488 0 0.0123717 0 0 0.00615786 0.0263261 0.0798486 0.151453 0.0731684 0.0406468 0.0303352 0 0.0280773 0 0 0 0 0 0 0 0 0
 0 0 0.0117429 0.0363151 0.0282694 0.074118 0.145732 0.0443389 0.0267349 0.0307078 0.0249669 0.046963 0.0104157 0.00294368 0.00357015 0.00179279 0.00344148 0.00262337 0.000828639 0.00513328 0 0.000453553 0.0206048 0.0348645 0.0855514 0.0818842 0.127711 0.0414543 0.0510153 0.0249067 0 0.0278926 0 0 0 0 0.00302369 0 0 0
 0 0 0.00369231 0.00753921 0.0980767 0.0476505 0.0784407 0.0760005 0.0495462 0.0164351 0.0375632 0.0133538 0.0204531 0.0153377 0 0.00217492 0.0032546 0.0117845 0.00382722 0.00461344 0 0.000727802 0.00343509 0.0234886 0.0834618 0.12815 0.136874 0.0479537 0.038455 0.00226799 0.0147268 0.0133213 0 0.00464416 0 0 0 0.00797763 0.00477258 0
 0 6.74e-005 0.000900255 0.00781905 0.0320034 0.104736 0.0720494 0.0943765 0.0774478 0.0269036 0.0195251 0.0287651 0.0155577 0.0237553 0.0142206 0.00405958 0.00124015 0.00124015 0.0129599 0.00985688 0 0.000145763 0.00228764 0.0206002 0.0735003 0.109794 0.0810777 0.0462145 0.0423843 0.0235376 0.012929 0.00560115 0.00604701 0.0139579 0 0.0121412 0 0 0 0.00229791
 0 0 0.00271205 0.0247631 0.0312153 0.050564 0.0669836 0.105965 0.0506072 0.027975 0.0257767 0.00359777 0.0207874 0.00782112 0.00985425 0.00595594 0.00373396 0 0 0.00599972 0 0 0.00648194 0.0604748 0.0567778 0.137462 0.108774 0.0787842 0.0355074 0.0274438 0.0220183 0.00363704 0.00828412 0.00588432 0.00207944 0 0 0.00207944 0 0
 0 2.52e-005 0.00330033 0.0135668 0.0103174 0.0159283 0.0197705 0.0681391 0.0448842 0.0522956 0.04373 0.0200896 0.0105933 0.00969255 0.00464455 0.0084978 0.000436 0.0013555 0.000734 0.00489785 0 0.000314 0.0124812 0.0279559 0.0156229 0.0587639 0.0850418 0.161503 0.109329 0.0663188 0.0352886 0.027777 0.0178523 0.00832465 0.0146193 0.00871552 0.00876131 0.00296399 0.000464 0.00500363
 0 0 0.000277 0.000245 0.0118256 0.0150778 0.0225837 0.0535115 0.0641671 0.0178809 0.0560318 0.0378288 0.0183957 0.0199933 0.00568688 0.00294031 0.00841841 0.00370321 0.0033035 0.00458284 0 0 0.00311156 0.00801383 0.0436482 0.0376459 0.0550938 0.144172 0.126604 0.0624994 0.0737283 0.0300485 0.0119693 0.0177343 0.00906441 0.000578 0.0271936 0.000766 0.00066 0.00101592
 0 0 0 0 0 0.00587841 0.0199832 0.0357604 0.0328794 0.133771 0.0211955 0.0342834 0.0238562 0.00910727 0.00551823 0.00359551 0.00317754 0.00414971 0.00168788 0.00495557 0 0 0 0 0 0.0270712 0.0648076 0.0962553 0.121002 0.232835 0.0198067 0.0244297 0.0265238 0.0145483 0.00147382 0.000965 0.0078322 0.0135079 0.00735404 0.00178751
 0 0 0 0.000295 0 0.00185743 0.0242992 0.0427654 0.0559947 0.0675215 0.0629691 0.0192699 0.032936 0.0249663 0.00902446 0.00925444 0.00270158 0.000804 0.00392563 0.00410866 0 0 0 0.00270733 0 0.0104288 0.0814458 0.169704 0.0918639 0.0854072 0.11197 0.0232469 0.02652 0.0124721 0.0077156 0.00708423 0.000272 6.17e-005 0.00602349 0.000384
 0 0 0 0 0.000966 0.00239224 0.00811666 0.0203587 0.0136247 0.0245827 0.109287 0.0742951 0.0480862 0.0454586 0.0129423 0.00767406 0.0120436 0.00645748 0.00139224 0.00331984 0 0 0 0 0.00335329 0.00241284 0.00575058 0.0358211 0.0341368 0.0859753 0.234459 0.102529 0.0288211 0.0296128 0.0180238 0.00618759 0.0117994 0.00928957 0.000251 0.000579
 0 0 0 0 0.00595231 0.00621075 0.0090816 0.00735284 0.0309843 0.0206724 0.0396677 0.180241 0.0653006 0.0479131 0.0338507 0.00830452 0.00543392 0.00485898 0.00121238 0.00534897 0 0 0 0 0 0.00642879 0.0162041 0.00972755 0.0949397 0.0351574 0.0868868 0.181417 0.0505784 0.0153344 0.0227264 0.00682863 0.000474 0.000267 0.000156 0.000488
 0 0 0 0 0.00325196 0.0064105 0.00652747 0.0116565 0.0360678 0.0753772 0.0229868 0.0544926 0.154458 0.0620791 0.025412 0.0209447 0.0177972 0.0030214 0.00654073 0.00118235 0 0 0 0 0.00706051 0.00277863 0.0119227 0.0140209 0.032073 0.130522 0.0492958 0.0413003 0.106363 0.0447955 0.026438 0.0121196 0.00503687 0.00272965 0.00318922 0.00214792
 0 0 0 0 0.00364792 0.0171186 0.0199668 0.0174976 0.0168413 0.0299563 0.0800173 0.0438534 0.0577503 0.104899 0.064651 0.0183353 0.0198962 0.00713587 0.00386881 0.00366679 0 0 0 0 0.0105344 0.0130521 0.0229841 0.0334878 0.0314869 0.0693973 0.121985 0.0464694 0.0472746 0.0588 0.0272297 0.00420096 0.00292739 0.000519 0.000309 0.00024
 0 0 0 0.00214985 0.00253912 0.010654 0.0140924 0.0170181 0.0447502 0.0204372 0.0435051 0.0807716 0.0332691 0.0424262 0.0874974 0.040723 0.0175276 0.0240064 0.0053243 0.002949 0 0 0 0.00384841 0.00599203 0.0257059 0.0198348 0.016585 0.0536788 0.0566298 0.0679164 0.107738 0.0345891 0.0112361 0.0679126 0.0287799 0.00645773 0.00264133 0.000489 0.000324
 0 0.000228 0 0.00338007 0.00856937 0.00979012 0.0207719 0.0131884 0.0174522 0.0379154 0.0202012 0.0700239 0.0849895 0.0333766 0.0498507 0.0579795 0.0456798 0.0120504 0.00743399 0.00657324 0 0.00104084 0.000261 0.00887252 0.00586778 0.0212826 0.0294599 0.041268 0.0463352 0.0455442 0.04066 0.0499819 0.0756652 0.0357879 0.0303645 0.0348166 0.0155275 0.00838858 0.00420312 0.00521831
 0 7.31001e-005 0.000118 0 0.00350952 0.0220888 0.00996623 0.0207312 0.029543 0.010929 0.0607501 0.0384974 0.057731 0.103675 0.0375347 0.0108133 0.0866475 0.0351202 0.0202722 0.0224146 0 0.000181 0.000547 0 0.0122834 0.0168768 0.0116959 0.031002 0.0341221 0.0280589 0.0619713 0.0230526 0.0284834 0.0757767 0.0241289 0.0129483 0.0342286 0.0184132 0.00675246 0.00906218
 0 0 0.00101044 0.00606494 0.013063 0.0133878 0.0229219 0.0108765 0.0300561 0.0367653 0.0283739 0.0387028 0.0337813 0.0478746 0.0818376 0.03876 0.0434103 0.0511717 0.0230147 0.0341898 0 0 0.00340959 0.0130047 0.0361144 0.0244496 0.0415768 0.0191107 0.0345325 0.0663047 0.0292527 0.033387 0.0198404 0.0296696 0.0278057 0.0206332 0.00967298 0.0232926 0.00671198 0.00596828
 0 0 0 0.00260599 0.011588 0.0283335 0.023952 0.0239367 0.0259377 0.0434813 0.0346758 0.0325779 0.0395393 0.0255974 0.0392076 0.0987789 0.032795 0.0155182 0.0526817 0.0467682 0 0 0 0.0062828 0.0222037 0.0287969 0.0271535 0.0350095 0.0302708 0.0257426 0.0125751 0.020475 0.0353328 0.0139852 0.0337922 0.057402 0.0132202 0.0191681 0.0238885 0.016726
 0 0 0 0.00174796 0.0102287 0.031681 0.0423064 0.023306 0.049247 0.0311667 0.0666232 0.0291674 0.0285982 0.0166899 0.0248193 0.0232713 0.0537639 0.0276987 0.0349678 0.0999298 0 0 0 0.00493691 0.0346854 0.0464323 0.0395108 0.0436073 0.0358401 0.0253375 0.0263369 0.0163123 0.0242123 0.0167183 0.00809779 0.022526 0.00968265 0.00757686 0.0124063 0.0305671
 0 0 0 0.00458245 0.00634456 0.0260762 0.0451195 0.0575234 0.0381689 0.0721711 0.0326811 0.0433565 0.0340154 0.0178375 0.0331882 0.0357144 0.0442264 0.0459937 0.0198366 0.0745534 0 0 0 0.00765592 0.00935088 0.0190636 0.0427736 0.0428293 0.0379056 0.0498431 0.00873273 0.0161443 0.0186969 0.019696 0.0145308 0.00915374 0.0240261 0.0169004 0.00462659 0.0266808
 0 0 0 0.00165336 0.00167982 0.00886862 0.0385312 0.062298 0.066113 0.0331888 0.0470358 0.0318547 0.0435176 0.0262563 0.0243083 0.0250402 0.023127 0.0181377 0.0657802 0.0545045 0 0 0 0.00349272 0.00465555 0.0272911 0.0628885 0.0701894 0.0744305 0.028718 0.0404337 0.0194964 0.00540478 0.0115453 0.0124877 0.016967 0.00904872 0.011235 0.0188721 0.0109486
 0 0 0 0 0.00186925 0.0165915 0.0235906 0.0451424 0.07662 0.0452446 0.0311041 0.065801 0.0365621 0.0231369 0.0191308 0.0133411 0.0169663 0.0238917 0.0254171 0.0874103 0 0 0 0 0.00831779 0.0151943 0.0498275 0.071564 0.0915183 0.0752648 0.0257954 0.027622 0.00512167 0.0248636 0.00225506 0.00559087 0.00867815 0.00540087 0.0119834 0.0191826
 0 0 0 0 0 0.00447883 0.0111688 0.0611507 0.0777043 0.081252 0.0918804 0.0305222 0.0173743 0.0134911 0.0229059 0.0138906 0.023966 0.00467898 0.0143848 0.0887513 0 0 0 0 0 0.0165511 0.020459 0.0639591 0.101564 0.0732401 0.052043 0.0201592 0.029497 0.0110727 0.0104402 0.00984081 0.00386861 0.00438975 0.000516 0.0247985
 0 0 0 0 0.000688 0.00384285 0.0312869 0.0404733 0.0582849 0.084323 0.131788 0.0517307 0.0292062 0.0301254 0.0197997 0.0155061 0.0155578 0.00967219 0.0101512 0.0725998 0 0 0 0 0.001771 0.00748163 0.0373201 0.0446215 0.0457562 0.0997476 0.0765512 0.0190657 0.0123576 0.00963168 0.00907557 0.00566486 0.0122377 0.00318169 0.00254473 0.00795496
 0 0 0 0 0 0.00264019 0.0112364 0.0498533 0.0660792 0.070478 0.105867 0.0603983 0.0387613 0.0282908 0.00938591 0.0145365 0.0133142 0.0110776 0.00541448 0.0419038 0 0 0 0 0 0.00171191 0.0120445 0.0894508 0.0573479 0.0694077 0.0614357 0.069938 0.0349639 0.0165147 0.00728537 0.00299375 0.0145529 0.00543163 0.00244041 0.025244
 0 0 0 0.000521 0 0 0.00281553 0.00747094 0.0437171 0.0517185 0.09594 0.110812 0.0920169 0.0340922 0.00524736 0.0222983 0.00379482 0.00706769 0.00866999 0.0363402 0 0 0 0.00311505 0 0 0.000166 0.0102359 0.0805859 0.0625254 0.053699 0.115689 0.0500711 0.0410294 0.00848141 0.0159965 0.00579264 0.0112188 0.00871058 0.0101614
 0 0 0 0 0 0.000395 0.00421636 0.000372 0.0208534 0.0801988 0.0496737 0.075288 0.0952136 0.0754252 0.0348687 0.00681292 0.00722833 0.00504308 0.00864922 0.0227258 0 0 0 0 0 0.00216073 0.00766351 0.00382425 0.0230818 0.119246 0.0755785 0.0781192 0.0870158 0.0521394 0.020204 0.011633 0.00458555 0.00450014 0.00932141 0.0139627
 0 0.000152 0.000155 0.00143252 0.000891 0.00683105 0.0041154 0.00059 0.000819 0.0265647 0.101903 0.0942658 0.0901275 0.0970894 0.0616541 0.0210056 0.00375119 0.0126168 0.00493332 0.0283161 0 0.000571 0.000564 0.0030887 0.007446 0.00989475 0.00468642 0.00701076 0.0119384 0.0307739 0.0798941 0.0728438 0.0631101 0.0463615 0.0536378 0.0155039 0.00518301 0.00811625 0.00451893 0.0176435
 0 0 0.000375 0.00226676 0.00625713 0.0136265 0.00582876 0.00505583 0.00670444 0.00332973 0.0195307 0.138249 0.0901803 0.0833658 0.0929038 0.0585636 0.0211992 0.00793471 0.00399552 0.0217192 0 0 0.00189599 0.00325978 0.00732193 0.0175424 0.00674112 0.0143881 0.012151 0.0100386 0.0257 0.0739706 0.0746712 0.0700256 0.031633 0.0355936 0.0222825 0.00046 0.0020628 0.00917521
 0 0 0.000298 0.00361025 0.00693218 0.015666 0.0196351 0.0174537 0.00722038 0.00738211 0.00846317 0.0407658 0.129818 0.101525 0.0669506 0.0643612 0.0384183 0.0324282 0.00491165 0.0253991 0 0 0.00111079 0.0106675 0.00825611 0.0245704 0.0178684 0.0130229 0.0102324 0.00685481 0.00686608 0.033373 0.086869 0.0647444 0.0454936 0.0352653 0.0244606 0.010285 0.000552 0.00826879
 0 0.000114 0.00394053 0.0120978 0.0154899 0.00769773 0.0177607 0.0144124 0.0093066 0.00901367 0.0178852 0.0153395 0.0447297 0.128521 0.0979221 0.0661964 0.0867153 0.0259594 0.00933673 0.0227884 0 0.000617 0.0108009 0.0309882 0.0409553 0.0228155 0.0243864 0.0215537 0.0138834 0.00672203 0.0148887 0.0135641 0.0261589 0.0634513 0.0398555 0.0329997 0.00915559 0.0116706 0.00616367 0.00414208
 0 0.000494 0.00327321 0.0274286 0.0532467 0.0672071 0.0156874 0.0271574 0.025659 0.0137812 0.0100307 0.0115208 0.0148288 0.0396515 0.109625 0.0617187 0.064821 0.0459613 0.0366214 0.0248429 0 0.00065 0.00403188 0.0397722 0.0657716 0.0490344 0.00995461 0.0191228 0.0179195 0.0146942 0.0092493 0.00401882 0.00468016 0.00453784 0.0394554 0.0277524 0.0146368 0.0111371 0.00818528 0.00183889
 0 0.000144 0.00177177 0.0147644 0.040935 0.105273 0.0910594 0.0119884 0.0216745 0.0144949 0.0128589 0.0048332 0.0123112 0.0158942 0.0505094 0.0727522 0.0380713 0.0317747 0.0229826 0.026226 0 0.000682 0.00358888 0.0202861 0.072658 0.10861 0.0626425 0.00721249 0.0101826 0.00942407 0.0130459 0.00495027 0.0022672 0.00641125 0.0144941 0.0257375 0.014424 0.015903 0.00900791 0.00815321
#wt_fsh_in
 0.009 0.015 0.03 0.059 0.112 0.183 0.267 0.363 0.439 0.489 0.577 0.57 0.612 0.667 0.714 0.79 0.862 0.939 0.889 0.815 0.007 0.011 0.013 0.026 0.055 0.1 0.153 0.213 0.256 0.259 0.311 0.301 0.314 0.353 0.367 0.33 0.455 0.342 0.366 0.36
 0.009 0.015 0.03 0.059 0.112 0.183 0.267 0.363 0.439 0.489 0.577 0.57 0.612 0.667 0.714 0.79 0.862 0.939 0.889 0.815 0.007 0.011 0.013 0.026 0.055 0.1 0.153 0.213 0.256 0.259 0.311 0.301 0.314 0.353 0.367 0.33 0.455 0.342 0.366 0.36
 0.009 0.015 0.03 0.059 0.112 0.183 0.267 0.363 0.439 0.489 0.577 0.57 0.612 0.667 0.714 0.79 0.862 0.939 0.889 0.815 0.007 0.011 0.013 0.026 0.055 0.1 0.153 0.213 0.256 0.259 0.311 0.301 0.314 0.353 0.367 0.33 0.455 0.342 0.366 0.36
 0.009 0.015 0.03 0.059 0.112 0.183 0.267 0.363 0.439 0.489 0.577 0.57 0.612 0.667 0.714 0.79 0.862 0.939 0.889 0.815 0.007 0.011 0.013 0.026 0.055 0.1 0.153 0.213 0.256 0.259 0.311 0.301 0.314 0.353 0.367 0.33 0.455 0.342 0.366 0.36
 0.009 0.015 0.03 0.059 0.112 0.183 0.267 0.363 0.439 0.489 0.577 0.57 0.612 0.667 0.714 0.79 0.862 0.939 0.889 0.815 0.007 0.011 0.013 0.026 0.055 0.1 0.153 0.213 0.256 0.259 0.311 0.301 0.314 0.353 0.367 0.33 0.455 0.342 0.366 0.36
 0.009 0.015 0.03 0.059 0.112 0.183 0.267 0.363 0.439 0.489 0.577 0.57 0.612 0.667 0.714 0.79 0.862 0.939 0.889 0.815 0.007 0.011 0.013 0.026 0.055 0.1 0.153 0.213 0.256 0.259 0.311 0.301 0.314 0.353 0.367 0.33 0.455 0.342 0.366 0.36
 0.009 0.015 0.03 0.059 0.112 0.183 0.267 0.363 0.439 0.489 0.577 0.57 0.612 0.667 0.714 0.79 0.862 0.939 0.889 0.815 0.007 0.011 0.013 0.026 0.055 0.1 0.153 0.213 0.256 0.259 0.311 0.301 0.314 0.353 0.367 0.33 0.455 0.342 0.366 0.36
 0.009 0.015 0.03 0.059 0.112 0.183 0.267 0.363 0.439 0.489 0.577 0.57 0.612 0.667 0.714 0.79 0.862 0.939 0.889 0.815 0.007 0.011 0.013 0.026 0.055 0.1 0.153 0.213 0.256 0.259 0.311 0.301 0.314 0.353 0.367 0.33 0.455 0.342 0.366 0.36
 0.009 0.015 0.03 0.059 0.112 0.183 0.267 0.363 0.439 0.489 0.577 0.57 0.612 0.667 0.714 0.79 0.862 0.939 0.889 0.815 0.007 0.011 0.013 0.026 0.055 0.1 0.153 0.213 0.256 0.259 0.311 0.301 0.314 0.353 0.367 0.33 0.455 0.342 0.366 0.36
 0.009 0.015 0.03 0.059 0.112 0.183 0.267 0.363 0.439 0.489 0.577 0.57 0.612 0.667 0.714 0.79 0.862 0.939 0.889 0.815 0.007 0.011 0.013 0.026 0.055 0.1 0.153 0.213 0.256 0.259 0.311 0.301 0.314 0.353 0.367 0.33 0.455 0.342 0.366 0.36
 0.009 0.015 0.03 0.059 0.112 0.183 0.267 0.363 0.439 0.489 0.577 0.57 0.612 0.667 0.714 0.79 0.862 0.939 0.889 0.815 0.007 0.011 0.013 0.026 0.055 0.1 0.153 0.213 0.256 0.259 0.311 0.301 0.314 0.353 0.367 0.33 0.455 0.342 0.366 0.36
 0.009 0.015 0.03 0.059 0.112 0.183 0.267 0.363 0.439 0.489 0.577 0.57 0.612 0.667 0.714 0.79 0.862 0.939 0.889 0.815 0.007 0.011 0.013 0.026 0.055 0.1 0.153 0.213 0.256 0.259 0.311 0.301 0.314 0.353 0.367 0.33 0.455 0.342 0.366 0.36
 0.009 0.015 0.03 0.059 0.112 0.183 0.267 0.363 0.439 0.489 0.577 0.57 0.612 0.667 0.714 0.79 0.862 0.939 0.889 0.815 0.007 0.011 0.013 0.026 0.055 0.1 0.153 0.213 0.256 0.259 0.311 0.301 0.314 0.353 0.367 0.33 0.455 0.342 0.366 0.36
 0.009 0.015 0.03 0.059 0.112 0.183 0.267 0.363 0.439 0.489 0.577 0.57 0.612 0.667 0.714 0.79 0.862 0.939 0.889 0.815 0.007 0.011 0.013 0.026 0.055 0.1 0.153 0.213 0.256 0.259 0.311 0.301 0.314 0.353 0.367 0.33 0.455 0.342 0.366 0.36
 0.009 0.015 0.03 0.059 0.112 0.183 0.267 0.363 0.439 0.489 0.577 0.57 0.612 0.667 0.714 0.79 0.862 0.939 0.889 0.815 0.007 0.011 0.013 0.026 0.055 0.1 0.153 0.213 0.256 0.259 0.311 0.301 0.314 0.353 0.367 0.33 0.455 0.342 0.366 0.36
 0.009 0.015 0.03 0.059 0.112 0.183 0.267 0.363 0.439 0.489 0.577 0.57 0.612 0.667 0.714 0.79 0.862 0.939 0.889 0.815 0.007 0.011 0.013 0.026 0.055 0.1 0.153 0.213 0.256 0.259 0.311 0.301 0.314 0.353 0.367 0.33 0.455 0.342 0.366 0.36
 0 0.01 0.0701694 0.112364 0.20557 0.198544 0.253553 0.366972 0.514945 0.572905 0.624212 0.740738 0.675574 0.822229 0.892005 0.860177 1.26297 1.05082 1.0232 0.963223 0 0.01 0.0553815 0.10659 0.130586 0.19095 0.206458 0.279468 0.329349 0.392053 0.408905 0.429604 0.468152 0.621342 0.468386 0.538113 0.570458 0.754738 1.01574 0.800003
 0 0 0.0725792 0.0576259 0.122281 0.190286 0.254668 0.327591 0.440477 0.548436 0.645375 0.690002 0.69103 0.703119 0.895193 0.906426 0.942052 0.886633 0.85836 0.992235 0 0 0.070912 0.0747944 0.110771 0.154209 0.190184 0.221704 0.273253 0.317841 0.366081 0.469607 0.513924 0.443073 0.52825 0.906426 0.432083 0.886947 0.858339 1.00287
 0 0 0 0 0 0.2 0.289376 0.327993 0.40218 0.537287 0.604917 0.694711 0.72413 0.748092 0.8302 0.928945 0.870351 0.880833 0.984926 0.858021 0 0 0 0 0 0.2 0.277585 0.296004 0.333106 0.359599 0.472448 0.554459 0.514468 0.531923 0.834907 0.955143 0.603159 0.504519 0.656182 0.856033
 0 0 0 0.0716024 0 0.101617 0.164056 0.2578 0.368626 0.474831 0.569443 0.599816 0.655922 0.679251 0.899405 0.814549 0.96854 1.5 0.993001 0.899187 0 0 0 0.0677864 0 0.1168 0.142744 0.22006 0.233638 0.289094 0.281277 0.359388 0.416709 0.472382 0.639336 0.513883 1.00708 1.5 0.537142 0.988171
 0 0.0025 0.0356871 0.060398 0.0819627 0.172612 0.240414 0.320089 0.431557 0.533365 0.610987 0.681317 0.686664 0.738172 0.879201 0.877524 1.01098 1.07957 0.964871 0.928166 0 0.0025 0.0315734 0.0622927 0.0603392 0.16549 0.204243 0.254309 0.292336 0.339647 0.382178 0.453264 0.478313 0.51718 0.61772 0.728391 0.653194 0.911551 0.766851 0.911769
 0 0.000625 0.0270666 0.0474066 0.0510609 0.166129 0.237129 0.308368 0.41071 0.52348 0.60768 0.666461 0.689436 0.717158 0.876 0.881861 0.94798 1.08676 0.95029 0.919402 0 0.000625 0.0256213 0.0512184 0.0427775 0.159124 0.203689 0.248019 0.283083 0.326546 0.375496 0.45918 0.480853 0.491139 0.655053 0.775961 0.673878 0.950754 0.704629 0.939711
 0 0.00078125 0.0156884 0.0448517 0.0332559 0.160089 0.232744 0.303563 0.403268 0.517241 0.598257 0.660576 0.689038 0.720668 0.871202 0.87572 0.949462 1.13679 0.973272 0.901194 0 0.00078125 0.0142987 0.0453243 0.0257792 0.160353 0.207065 0.254598 0.285541 0.328722 0.37785 0.456573 0.472586 0.503156 0.686754 0.743344 0.734327 0.966706 0.666201 0.923921
 0 0 0 0 0.12233 0.167361 0.180787 0.231097 0.276469 0.376186 0.414599 0.488422 0.535515 0.58828 0.559696 0.70691 0.751304 0.793114 0.882796 0.894099 0 0 0 0 0.121432 0.16674 0.160985 0.198174 0.222524 0.231812 0.243032 0.269358 0.319912 0.349008 0.349919 0.395297 0.447685 0.422434 0.540387 0.815031
 0 0 0 0 0.291617 0.180609 0.259936 0.287916 0.26107 0.347086 0.428274 0.444151 0.475414 0.511323 0.55795 0.628439 0.659637 0.588227 0.852481 0.805669 0 0 0 0 0 0.131121 0.19587 0.222494 0.187689 0.199008 0.231772 0.248387 0.256848 0.295314 0.321323 0.397441 0.682489 0.68939 0.85322 0.807424
 0 0 0 0 0.15761 0.178556 0.248187 0.241262 0.235492 0.287417 0.34272 0.415675 0.424238 0.448439 0.52417 0.508926 0.573304 0.668761 0.598485 0.702701 0 0 0 0 0.144167 0.132665 0.160931 0.191893 0.216778 0.222824 0.235489 0.276868 0.307265 0.321779 0.322374 0.409553 0.520664 0.454251 0.474765 0.522794
 0 0 0 0 0.175927 0.31268 0.255121 0.275777 0.425107 0.365567 0.406098 0.411091 0.505734 0.52364 0.545149 0.558214 0.578037 0.643071 0.694892 0.812514 0 0 0 0 0.190026 0.291763 0.274982 0.226147 0.274228 0.272154 0.268884 0.307141 0.317451 0.349119 0.34709 0.432212 0.569199 0.667068 0.729635 0.938422
 0 0 0 0.145821 0.167097 0.204996 0.231783 0.310552 0.35175 0.322632 0.412205 0.420708 0.43297 0.503603 0.534721 0.532516 0.58111 0.598648 0.793608 0.86275 0 0 0 0.145821 0.190108 0.169438 0.272898 0.27068 0.257574 0.304057 0.267892 0.290679 0.3202 0.373435 0.314023 0.327106 0.426639 0.605287 0.769636 0.796007
 0 0.01 0 0.134408 0.221316 0.191066 0.329092 0.416595 0.347396 0.429384 0.457916 0.465426 0.46313 0.536516 0.54065 0.594873 0.565682 0.632553 0.617656 0.70794 0 0.01 0.02 0.142992 0.228406 0.228081 0.232784 0.282775 0.274216 0.295432 0.281236 0.302659 0.304428 0.300939 0.318309 0.333805 0.444136 0.442345 0.584876 0.560657
 0 0.01 0.04 0 0.182849 0.21435 0.316148 0.389141 0.410929 0.41921 0.428484 0.494715 0.488868 0.520238 0.528165 0.563929 0.634713 0.597498 0.591637 0.683761 0 0.01 0.04 0 0.184087 0.173103 0.262282 0.285752 0.27382 0.297136 0.307652 0.277975 0.321427 0.333379 0.301869 0.291461 0.387652 0.413187 0.427559 0.471128
 0 0 0.0579888 0.12471 0.165383 0.282145 0.263269 0.363905 0.412563 0.446026 0.440148 0.520636 0.495208 0.503201 0.552109 0.518264 0.569487 0.594946 0.575664 0.648894 0 0 0.056613 0.0911744 0.177642 0.197813 0.238373 0.27786 0.265404 0.283053 0.299497 0.292834 0.295324 0.323686 0.353879 0.351027 0.419914 0.376307 0.382918 0.502976
 0 0 0 0.084478 0.148317 0.242537 0.27513 0.323828 0.359436 0.405814 0.447079 0.46487 0.52827 0.540262 0.482518 0.522241 0.529319 0.626315 0.586988 0.643203 0 0 0 0.0842464 0.138824 0.221897 0.238201 0.257216 0.281889 0.29785 0.313545 0.311644 0.32672 0.352453 0.320638 0.323526 0.320369 0.392748 0.373232 0.41462
 0 0 0 0.103666 0.143657 0.173299 0.283557 0.366107 0.375945 0.408379 0.459556 0.52706 0.524012 0.465343 0.524135 0.545091 0.550823 0.596323 0.595137 0.611214 0 0 0 0.0880719 0.15525 0.192349 0.247696 0.251171 0.256087 0.285783 0.352063 0.318807 0.312021 0.327907 0.388472 0.398078 0.430749 0.457601 0.436322 0.402796
 0 0 0 0.137944 0.162243 0.171083 0.22617 0.314946 0.362841 0.393292 0.4669 0.503175 0.496103 0.550717 0.562611 0.572847 0.572867 0.595155 0.551552 0.637789 0 0 0 0.148337 0.0987054 0.139409 0.191405 0.231685 0.263797 0.265854 0.355325 0.322373 0.333745 0.294083 0.368344 0.379877 0.366075 0.409463 0.466844 0.356551
 0 0 0 0.106982 0.0935002 0.144339 0.205177 0.292151 0.345051 0.420006 0.456453 0.486626 0.541442 0.511806 0.545849 0.610918 0.612104 0.554042 0.611327 0.642953 0 0 0 0.1091 0.106236 0.181716 0.200588 0.238247 0.277105 0.280629 0.306048 0.311946 0.362371 0.331229 0.337462 0.412465 0.351713 0.345419 0.355689 0.469354
 0 0 0 0 0.107513 0.211011 0.217974 0.281912 0.328992 0.465254 0.448794 0.481657 0.524564 0.546778 0.599839 0.657211 0.633558 0.637363 0.634025 0.650661 0 0 0 0 0.136111 0.153995 0.205181 0.24983 0.266792 0.320907 0.283899 0.325009 0.379647 0.361899 0.490555 0.376258 0.368783 0.474721 0.446333 0.403091
 0 0 0 0 0 0.157607 0.197508 0.272849 0.332648 0.395114 0.463426 0.532134 0.596933 0.598114 0.625698 0.678146 0.652551 0.581286 0.683238 0.641623 0 0 0 0 0 0.178524 0.193581 0.248487 0.268931 0.303577 0.302918 0.376404 0.33657 0.333227 0.39186 0.409985 0.520104 0.338653 0.780277 0.391382
 0 0 0 0 0.13097 0.181924 0.238209 0.249134 0.347021 0.38375 0.432616 0.520895 0.462842 0.536583 0.582308 0.617118 0.645911 0.590381 0.607182 0.652893 0 0 0 0 0.11105 0.223586 0.199674 0.231475 0.259315 0.284945 0.302458 0.350726 0.301626 0.365634 0.321239 0.403611 0.369888 0.42314 0.446591 0.544264
 0 0 0 0 0 0.181691 0.208673 0.281308 0.305856 0.339639 0.446073 0.485937 0.498926 0.570665 0.587671 0.698457 0.588999 0.654631 0.668461 0.649508 0 0 0 0 0 0.110072 0.20525 0.230532 0.25652 0.300672 0.293951 0.32388 0.370049 0.383913 0.354835 0.548128 0.378359 0.436891 0.508136 0.429249
 0 0 0 0.124263 0 0 0.604519 0.334098 0.37297 0.439644 0.475567 0.519288 0.552767 0.561919 0.6931 0.609821 0.678942 0.727054 0.722573 0.709955 0 0 0 0.127563 0 0 0.553764 0.238164 0.257573 0.265191 0.326467 0.296876 0.322106 0.36368 0.382562 0.32951 0.337086 0.360598 0.391749 0.438133
 0 0 0 0 0 0.182444 0.352447 0.208139 0.429669 0.438551 0.458053 0.508635 0.528656 0.568045 0.616376 0.637511 0.63753 0.576438 0.651703 0.723946 0 0 0 0 0 0.182444 0.284772 0.209313 0.30973 0.281063 0.279289 0.302097 0.319895 0.349688 0.397611 0.339626 0.447588 0.349643 0.369117 0.460195
 0 0.06 0.05 0.147791 0.281172 0.283469 0.263846 0.281818 0.287569 0.451299 0.467557 0.495358 0.515343 0.566529 0.578656 0.655331 0.694104 0.667788 0.59433 0.663989 0 0.06 0.05 0.128928 0.230022 0.200755 0.190324 0.285344 0.319283 0.27531 0.300719 0.3037 0.328023 0.375337 0.36111 0.406477 0.42203 0.407458 0.414378 0.390744
 0 0 0.08 0.237124 0.256508 0.302366 0.373665 0.302995 0.381362 0.388936 0.442159 0.491607 0.506635 0.533145 0.54411 0.591961 0.653752 0.583034 0.717688 0.73467 0 0 0.08 0.139009 0.211955 0.233843 0.310968 0.28552 0.2796 0.296297 0.299722 0.331018 0.344894 0.368353 0.352854 0.369413 0.39287 0.704801 0.663459 0.491884
 0 0 0.0556742 0.153477 0.231276 0.275992 0.334859 0.440068 0.410682 0.413375 0.478374 0.494741 0.517063 0.534891 0.545175 0.576211 0.577978 0.615661 0.651382 0.731369 0 0 0.12503 0.138556 0.161025 0.247469 0.252651 0.287474 0.27529 0.362822 0.441283 0.304435 0.33389 0.3533 0.384558 0.40897 0.385501 0.473687 0.647273 0.597428
 0 0.01 0.0419122 0.149067 0.215376 0.246598 0.317613 0.412579 0.405278 0.541177 0.567905 0.568262 0.530523 0.527096 0.567855 0.554894 0.618707 0.64468 0.671868 0.717191 0 0.01 0.0431963 0.141714 0.200058 0.277336 0.288301 0.313405 0.338044 0.364388 0.330252 0.453558 0.285975 0.31548 0.393473 0.393131 0.500028 0.366592 0.534466 0.625424
 0 0.04 0.0675252 0.13544 0.212277 0.259688 0.343118 0.368113 0.469605 0.50488 0.522646 0.5338 0.52568 0.580064 0.593806 0.600908 0.6077 0.602054 0.599176 0.755266 0 0.04 0.0532958 0.137871 0.181985 0.238032 0.308003 0.305939 0.292997 0.333778 0.338205 0.43374 0.42512 0.473201 0.379013 0.349608 0.480854 0.463039 0.503561 0.769158
 0 0.01 0.070674 0.119675 0.163832 0.243534 0.309472 0.388137 0.450988 0.527343 0.546709 0.566713 0.575558 0.548343 0.568974 0.600366 0.606937 0.644775 0.604785 0.65195 0 0.01 0.0706607 0.115078 0.181837 0.239772 0.280924 0.318739 0.399935 0.37515 0.421513 0.401573 0.314375 0.382681 0.415436 0.401458 0.411747 0.406325 0.449322 0.519749
 0 0.01 0.070674 0.119675 0.163832 0.243534 0.309472 0.388137 0.450988 0.527343 0.546709 0.566713 0.575558 0.548343 0.568974 0.600366 0.606937 0.644775 0.604785 0.65195 0 0.01 0.0706607 0.115078 0.181837 0.239772 0.280924 0.318739 0.399935 0.37515 0.421513 0.401573 0.314375 0.382681 0.415436 0.401458 0.411747 0.406325 0.449322 0.519749
#nsmpl_fsh_c

#nsmpl_fsh_s
 562.516 562.516 562.516 562.516 562.516 562.516 562.516 562.516 562.516 562.516 562.516 562.516 562.516 562.516 562.516 562.516 562.516 562.516 562.516 562.516 562.516 562.516 562.516 562.516 562.516 562.516 562.516 562.516 562.516 562.516 562.516 562.516 562.516 562.516 562.516 562.516 562.516 562.516 562.516 562.516
#nsrv
1
#nyrs_srv
 40
#yrs_srv
 1982 1983 1984 1985 1986 1987 1988 1989 1990 1991 1992 1993 1994 1995 1996 1997 1998 1999 2000 2001 2002 2003 2004 2005 2006 2007 2008 2009 2010 2011 2012 2013 2014 2015 2016 2017 2018 2019 2021 2022
#mo_srv
 7
#obs_srv
 583.193 719.532 805.366 697.942 1027.97 1278.25 1489.24 1330.78 1391.4 1595.86 1558.25 2009.05 2744.55 2195.49 2074.1 2621.14 2180.74 1628.59 2088.35 2350.39 1890.99 2121.78 2207.6 2126.73 2230.54 2047.35 2045.18 1549.17 2081.6 1992.82 1933.16 1765.99 1871.41 1422.21 1470.89 1339.34 1055.8 976.868 1033.33 1289.23
#obs_se_srv
 74.7567 82.5514 82.5042 59.2871 84.2444 91.8296 102.323 91.6211 89.5696 96.7065 113.049 122.974 224.871 131.587 122.574 190.968 124.156 162.923 320.292 258.821 171.315 196.909 184.928 151.179 151.005 280.388 302.061 159.918 204.59 165.996 186.945 137.629 130.293 131.49 131.952 100.35 115.586 92.2363 86.756 111.567
#nyrs_srv_age_c
 0
#nyrs_srv_age_s
 42
#yrs_srv_age_c

#yrs_srv_age_s
 1979 1980 1981 1982 1983 1984 1985 1986 1987 1988 1989 1990 1991 1992 1993 1994 1995 1996 1997 1998 1999 2000 2001 2002 2003 2004 2005 2006 2007 2008 2009 2010 2011 2012 2013 2014 2015 2016 2017 2018 2019 2021
#nsmpl_srv_c

#nsmpl_srv_s
 27.7013 27.7013 27.7013 27.7013 27.7013 27.7013 27.7013 27.7013 27.7013 27.7013 27.7013 27.7013 27.7013 27.7013 27.7013 27.7013 27.7013 27.7013 27.7013 27.7013 27.7013 27.7013 27.7013 27.7013 27.7013 27.7013 27.7013 27.7013 27.7013 27.7013 27.7013 27.7013 27.7013 27.7013 27.7013 27.7013 27.7013 27.7013 27.7013 27.7013 27.7013 27.7013
#oac_srv_c

#oac_srv_s
 0 0 0.0136616 0.0516972 0.0368 0.0828869 0.034087 0.0294129 0.0581352 0.0429907 0.0128967 0.0155924 0.0168259 0.0132449 0.00832478 0.00405219 0.000167022 0 0.000133788 0 0 0 0.0251897 0.0902536 0.0742152 0.100657 0.0619607 0.0452871 0.0755302 0.054815 0.0203411 0.018297 0.00410428 0.00817312 0 0.000266648 0 0 0 0
 0 0 0.0467893 0.0681502 0.0836813 0.0467646 0.0438567 0.023393 0.0197666 0.0668525 0.0496389 0.0191993 0.0147037 0.0092504 0.00724254 0.00341622 0 0 0 0 0 0.0147965 0.0815959 0.0343737 0.124348 0.0565548 0.0293991 0.0240078 0.0345528 0.0571921 0.0197381 0.0109692 0.00283703 0.00637409 0.000555428 0 0 0 0 0
 7.72e-005 0.0293619 0.0466587 0.104354 0.025706 0.115279 0.0277252 0.0147906 0.0121274 0.0183811 0.0381664 0.0161466 0.0133329 0.00518105 0.00816049 0.00380389 0.000950219 0.000629711 0 0 0 0.0613187 0.0524504 0.0878812 0.0395879 0.155023 0.0209604 0.0117543 0.0230272 0.035565 0.0174147 0.0050562 0.00289932 0.00140226 0.00355883 0.00096807 0.000299842 0 0 0
 0 0.0031941 0.0429285 0.0529354 0.0464466 0.12379 0.0891643 0.0505944 0.0156979 0.0189021 0.0128882 0.0116399 0.0116411 0.0059494 0.0019934 0.0027694 0.0024529 0 0.0004681 0 0 0.0185155 0.034164 0.113758 0.12385 0.0452921 0.0839509 0.0298165 0.0116818 0.0057127 0.0052957 0.0238616 0.0084953 0.00215 0 0 0 0 0 0
 0 0.0010926 0.0784711 0.0658743 0.0792045 0.040172 0.052867 0.0535345 0.023924 0.0235207 0.0104433 0.0135787 0.0209187 0.0100724 0.0061529 0.0065216 0.0013847 0.0005892 0.000242 0 0 0.0171369 0.0948457 0.0925133 0.100045 0.0489952 0.0378562 0.0491586 0.023017 0.0160428 0.0053017 0.0076411 0.0086053 0.0050898 0.0045405 0.0006465 0 0 0 0
 0 0.0107688 0.0587552 0.0910226 0.0692987 0.0479506 0.0508935 0.0354817 0.0321746 0.0230954 0.0063398 0.0090718 0.0136081 0.003747 0.0050917 0.0034936 0.0005652 0 0.0005652 0 0 0.0168005 0.0545594 0.167378 0.0847824 0.0357681 0.0821225 0.0227977 0.0412075 0.0057686 0.0057014 0.0042929 0.001387 0.0052233 0.0064834 0.0017345 0.001387 0 0 0.0006819
 0.0012233 0.0191174 0.0370372 0.119312 0.119657 0.0499063 0.0444512 0.0370006 0.0169128 0.0283733 0.0065629 0.003482 0.0014859 0.002857 0.0063337 0.0084114 0.0012117 0.0005668 0.0005485 0.0021407 0.0011674 0.0198865 0.060641 0.139127 0.129376 0.0664701 0.0277702 0.0184475 0.0149503 0.0073292 0.0014087 0 0.0001147 0.0008461 0.0038338 0.0001234 0.0007062 0.0012099 0 0
 0 0 0.027742 0.0705139 0.116213 0.0935836 0.0512382 0.0259469 0.0305925 0.0098498 0.0214257 0.0039005 0.0036976 0.0033924 0.0009748 0.0035406 0.0031444 0.0001275 0 0.0022655 0 0 0.0527913 0.131706 0.125659 0.120512 0.0431765 0.0243672 0.0185786 0 0.0150595 0 0 0 0 0 0 0 0 0
 0 0 0.0338702 0.0950709 0.0629863 0.0812728 0.0983827 0.0231758 0.0154402 0.0166366 0.0126428 0.0237443 0.0052181 0.0014603 0.0017881 0.000641 0.0016248 0.0007517 0.0004224 0.0030541 0 0.0029497 0.0917431 0.0831665 0.127113 0.067797 0.0723896 0.0218449 0.0286461 0.0121458 0 0.0124918 0 0 0 0 0.0015294 0 0 0
 0 0.0131303 0.0789034 0.0718221 0.145809 0.0401707 0.0491485 0.0424862 0.0248959 0.0078444 0.0155762 0.0054081 0.0087057 0.0063397 0 0.0008138 0.0013625 0.0050995 0.0015801 0.0017485 0 0.0230184 0.0561267 0.118105 0.0946893 0.0778324 0.0624648 0.0188887 0.0126837 0.000521 0.0048699 0.0055678 0 0.0009801 0 0 0 0.0020945 0.0013135 0
 0 0.008613 0.0577186 0.0662822 0.0704448 0.097474 0.0516886 0.0507556 0.0366407 0.0115097 0.0079021 0.0112571 0.0066384 0.0068704 0.0039462 0.0014429 0.000313 0.000313 0.0024234 0.001666 0 0.0083937 0.0639525 0.082134 0.101135 0.0998024 0.0616961 0.0337157 0.0259528 0.007849 0.0061146 0.0027366 0.003564 0.0051093 0 0.0021506 0 0 0 0.0017942
 0 0.001242 0.0414561 0.129644 0.0944512 0.0546884 0.0542659 0.0293706 0.0315349 0.017601 0.0096416 0.0046293 0.0044518 0.0010406 0.0024492 0.0001237 0 0.0008684 0 0.0024499 0 0.0008623 0.0672629 0.178164 0.0932929 0.0487715 0.0721212 0.0081297 0.0197366 0.0172985 0.0049766 0.0017844 0.002863 0.0009484 0.0020699 0 0 0 0 0.0018097
 0 0 0.0052885 0.12032 0.0979315 0.0797496 0.0446142 0.0470707 0.0293075 0.0201804 0.0146311 0.0126681 0.0047281 0.0050646 0.0029244 0.001479 0 0.000382 0.0005282 0.0028445 0 0.0012033 0.0049113 0.162177 0.127163 0.0602619 0.0560065 0.0393028 0.0177267 0.0223917 0.011811 0.0011401 0.0040393 0.0012715 0.0008819 0 0 0 0 0
 0 0 0.0192231 0.0381423 0.124381 0.116258 0.050382 0.0448685 0.0269884 0.0225977 0.0223734 0.012966 0.0078085 0.00521 0.003564 0.0017613 0.00102 0 0.001136 0.0005349 0 0.0007795 0.0110207 0.0358528 0.178357 0.11366 0.0355445 0.0590629 0.0276759 0.0085118 0.0103266 0.0065816 0.006412 0.0044015 0.0014209 0.0009015 0.0002757 0 0 0
 0 0.001143 0.0255064 0.0487678 0.0543798 0.129167 0.0757059 0.0405228 0.0331983 0.0294211 0.0054714 0.0089561 0.0085471 0.0050106 0.0026574 0.0008532 0 0 0.0004071 0.0004071 0 0.0019474 0.0510605 0.0573208 0.0421583 0.177085 0.093003 0.0383976 0.040909 0.0123705 0.0067226 0.0026122 0.0023215 0.0025215 0.0010683 0 0 0 0 0.0003799
 0 0 0.0157867 0.0554076 0.0463232 0.039992 0.131447 0.0940386 0.0364946 0.0113987 0.0247081 0.0131504 0.0071077 0.0078361 0.0038297 0.0026057 0.000544 0.0007544 0.001566 0.001052 0 0.0028371 0.017536 0.0885356 0.0432603 0.0502289 0.167901 0.0532143 0.0342037 0.0114302 0.0186971 0.0060605 0.0038161 0.0045995 0.0020245 0.0009678 0.0003227 0 0.0003227 0
 0 0 0 0.0474665 0.088178 0.0419828 0.0246412 0.114716 0.0669575 0.029611 0.0314945 0.0237702 0.0088026 0.0042555 0.0092624 0 0.0009426 0.0003374 0.0003374 0.000848 0 0 0.0145367 0.0399313 0.106206 0.0444238 0.0401776 0.119994 0.0722299 0.0188677 0.0212658 0.0137622 0.0063567 0.0086452 0 0 0 0 0 0
 0 0.0006147 0.0376545 0.0198111 0.0343139 0.0835998 0.0251728 0.0505677 0.0990022 0.065154 0.0164319 0.0079583 0.0137733 0.0047616 0.0049092 0.0053418 0.0015103 0.000888 0.0001398 0.0008896 0 0.0029535 0.0551618 0.0244963 0.0356221 0.102691 0.0295943 0.0409304 0.117495 0.0638888 0.021065 0.0113728 0.0096237 0.002269 0.005037 0.0033636 0.0017568 0.000185 0 0
 0 0 0.017208 0.0645423 0.0119874 0.0293859 0.103472 0.0406892 0.027356 0.0894702 0.0313147 0.020416 0.0267199 0.007173 0.008589 0.0108279 0.0052973 0.0024422 0 0.001177 0 0.0002802 0.0259092 0.0584029 0.0354176 0.0476657 0.11318 0.0044932 0.0528867 0.0799416 0.0253647 0.0319292 0.0091754 0.0147733 0.0025124 0 0 0 0 0
 0 0 0.0099188 0.0311106 0.0336126 0.0298885 0.0408037 0.0752943 0.0231929 0.0212065 0.112497 0.0556417 0.018312 0.0115811 0.0150931 0.0021985 0.0020513 0.0011294 0.0011404 0.0020346 0 0 0.0153493 0.0436517 0.0549241 0.0318826 0.0603318 0.109518 0.0270089 0.0396561 0.0547042 0.0541055 0.0161222 0.0013861 0.0016642 0.0015625 0.0013491 6.16e-005 0 1.56e-005
 0 0 0.0028415 0.0051522 0.0138732 0.0376825 0.0122088 0.046832 0.0765389 0.0527657 0.0382741 0.102118 0.025334 0.02043 0.0083093 0.0131839 0.0031342 0.0022884 0.001534 0.0002336 0 0 0.0054516 0.0088488 0.0255501 0.0750509 0.003472 0.0375076 0.123215 0.0600126 0.041252 0.0856218 0.0465943 0.0121265 0.0069941 0.0036306 0.0005159 0.0014211 0 0
 0 0 0 0.0206576 0.017804 0.0277358 0.0471663 0.0282268 0.035668 0.0700906 0.052763 0.0421142 0.0913729 0.0419982 0.0236312 0.022879 0.0051384 0.000931 0.0006753 0.0013679 0 0 0.0050888 0.0413065 0.0114364 0.01752 0.0631334 0.0168126 0.0790026 0.10233 0.0378573 0.0356901 0.0367653 0.0116722 0.0054866 0.0022556 0.0021481 0.0002151 0.0006369 0.0004226
 0 0.0008958 0.0112856 0.0087483 0.0211217 0.0191638 0.0166152 0.0499259 0.0367481 0.043405 0.083012 0.0228774 0.0350837 0.0817519 0.039295 0.0178834 0.0064325 0.002204 0.0015697 0.0005098 0 0.0016453 0.009824 0.0167497 0.0535408 0.0337536 0.0267204 0.0593656 0.0227246 0.0937874 0.0557843 0.0366039 0.0398716 0.0329645 0.0087948 0.0039531 0.0012967 0.003839 0.0002518 0
 0 0.0083927 0.0281842 0.0105138 0.0189127 0.0656667 0.0173998 0.0224729 0.0337963 0.0136215 0.049493 0.0912293 0.0270992 0.0189767 0.0698448 0.0265419 0.0152298 0.0084128 0.0007193 0.0051258 0 0.012299 0.0373397 0.0203122 0.0197538 0.0496197 0.0233561 0.0124889 0.0619742 0.0354438 0.0274194 0.0620131 0.0256123 0.0155164 0.0505184 0.0124129 0.000229 0.0020579 0 0
 0.000507 0.0287143 0.0570935 0.0250465 0.0242754 0.0087357 0.0460656 0.0243283 0.0210123 0.0237048 0.0082871 0.0192266 0.0697138 0.0131514 0.020464 0.0652266 0.0149301 0.012105 0.0058219 0.0040328 0.0007917 0.0546299 0.0784186 0.0411736 0.0289941 0.0167594 0.0405651 0.0181341 0.0033177 0.0073716 0.011684 0.0465796 0.0711358 0.0182451 0.0284968 0.0236892 0.0098833 0.0029292 0.0042193 0.0005392
 0 0.0023572 0.0917175 0.05212 0.0476605 0.0239214 0.0112949 0.031478 0.0100424 0.0069427 0.0317307 0.0316627 0.0155415 0.0207564 0.013658 0.0079153 0.0395831 0.0314927 0.0005118 0.0154454 0 0.0091799 0.138633 0.0872612 0.0405152 0.0264897 0.0111254 0.0284163 0.0183019 0 0.0417675 0.00544 0.0087136 0.0516084 0.00544 0.0005523 0.0201433 0.013209 0 0.0073711
 0 0.0125084 0.067699 0.105212 0.0614509 0.0119813 0.013636 0.0127479 0.026379 0.006495 0.0105318 0.0053107 0.0101912 0.0209335 0.0203643 0.0149051 0.0175486 0.0173649 0.0168129 0.011962 0 0.007862 0.12493 0.122616 0.0883195 0.0217407 0.0321689 0.0182334 0.012293 0.0069102 0.0046379 0.006343 0.0007761 0.0257551 0.0102531 0.0072048 0.008153 0.0257538 0.0046473 0.0073675
 0 0.0100155 0.0627861 0.142837 0.0616654 0.0414664 0.0166328 0.0156413 0.0110126 0.0225332 0.0084345 0.0067024 0.0047726 0.0056628 0.0146091 0.0182004 0.0117137 0.0079327 0.0137364 0.0100856 0 0.0116147 0.0814145 0.156405 0.0810854 0.0506138 0.0134478 0.0060459 0.013984 0.0103327 0.0111732 0.0039703 0.0093241 0.0021396 0.0154846 0.0170669 0.008876 0.0011834 0.0105515 0.008846
 0 0.0032758 0.0317082 0.0622043 0.0852234 0.0744108 0.0485249 0.0240518 0.0089066 0.0190858 0.0160707 0.015524 0.0144757 0.0151054 0.0131399 0.0188239 0.0110195 0.0126257 0.0112579 0.0135847 6.11e-005 0.0025366 0.0358528 0.101514 0.115175 0.0809684 0.0529768 0.0228378 0.0075137 0.0291869 0.0039726 0.0044409 0.0058583 0.0045517 0.0155675 0.0072512 0.0043233 0.0022302 0.0031979 0.0009641
 0 0 0.0344734 0.0425394 0.0797814 0.077289 0.0917199 0.0327707 0.0122883 0.0179467 0.0227949 0.0062437 0.0113773 0 0.0033611 0.0125166 0.0176803 0.0210979 0.002708 0.0249909 0 0 0.0426444 0.0554732 0.070977 0.117812 0.0648559 0.0554832 0.010151 0.0042179 0.0111214 0.0188031 0.003337 0.0031165 0.0058425 0.0001759 0.0093721 0.0071671 0.0032431 0.0046274
 0 0.000506 0.0149381 0.0882989 0.0553897 0.0772113 0.0726366 0.0454416 0.0323324 0.0078813 0.0116318 0.0057328 0.0151485 0.0040004 0.0079936 0.0035016 0.0109341 0.0151064 0.005441 0.0267254 0 0.0006027 0.014767 0.0932593 0.0653807 0.0623923 0.0945946 0.059218 0.0342099 0.0024609 0.0125175 0.0011153 0.0085675 0.0058135 0.0029454 0.0072063 0.0015877 0.0068452 0.0190985 0.0065662
 0 0.0007606 0.0138319 0.0472101 0.0657682 0.0653267 0.0519624 0.0862841 0.0474314 0.0330122 0.0052681 0.0195284 0.0071961 0.0159362 0.0052339 0.0087924 0.0040056 0.0047207 0.0071016 0.0301692 0 0.0014439 0.0087482 0.0453747 0.0844131 0.0533707 0.0633164 0.0621709 0.0577998 0.0206916 0.0232354 0.0082169 0.0049323 0.0086763 0.0027137 0.0042909 0.0017764 0.0046514 0.0136477 0.0109898
 0 0 0.0202706 0.0125666 0.0523813 0.115299 0.0393358 0.0583218 0.0620981 0.0484434 0.030688 0.0177515 0.0118186 0.0091087 0.0144071 0.003469 0.0019331 0.0005803 0.0025864 0.03166 0 0 0.0094506 0.0259806 0.0434138 0.0642494 0.0787424 0.0734901 0.0854695 0.0301361 0.023403 0.0059441 0.0046886 0.0024405 0.0030147 0 0.0032211 0.0057473 0.0012476 0.0066413
 0 0 0 0.0072022 0.0294508 0.0364365 0.0805854 0.0374145 0.0992442 0.0791209 0.0489409 0.0192788 0.0050665 0.0129259 0.0031192 0.0122 0.00411 0.0037385 0.0029626 0.0211438 0 0.0008955 0.0040821 0.0109115 0.0425528 0.0678016 0.0867463 0.0522915 0.0247707 0.0746062 0.0364843 0.0134507 0.0029954 0.0178276 0.0109685 0.0280425 0 0.0039529 0.0050383 0.0136408
 0 6.53e-005 0.0071509 0.0043703 0.0068614 0.0129627 0.0283753 0.0842639 0.0792603 0.0718448 0.0555447 0.0456961 0.021892 0.0024998 0.0099754 0.0024268 0.0126148 0 0.0033784 0.0313156 0 8.94e-005 0.0186747 0.0024503 0.0117275 0.0289975 0.0516437 0.0890065 0.0691603 0.0728668 0.0555167 0.0487602 0.0273595 0.0108168 0.0124484 0.0011406 0.00302 0.0018794 0.0004228 0.0135204
 0 0.0022502 0.0146104 0.0241006 0.0101624 0.0082758 0.0026265 0.0013545 0.0817099 0.0468382 0.0628168 0.120652 0.0091237 0.0303123 0.0106731 0.0221452 0.0012529 0.0112642 0.0065239 0.0252367 0 0.0057 0.0252542 0.0254251 0.0027807 0.009738 0.0090091 0.0223979 0.0632512 0.0347083 0.0696816 0.0837983 0.0751365 0.0104501 0.0064058 0.0109679 0.0018211 0.004876 0.0093841 0.0372849
 5.77e-005 0.0016608 0.0262074 0.0307757 0.029161 0.0052808 0.0077767 0.0198048 0.0148569 0.0723549 0.0697119 0.0550065 0.0542677 0.0255344 0.0159848 0.014919 0.0038945 0.0017501 0.0043264 0.0186236 0 0.0010366 0.0495822 0.0374321 0.0395188 0.0057362 0.0073837 0.0188597 0.0414809 0.114378 0.0595813 0.0415885 0.0574161 0.0210703 0.0091424 0.0023622 0 0 0.0079653 0.0135096
 0 0.0220877 0.0097686 0.0356781 0.0351476 0.0167736 0.0028183 0.0015835 0.0060128 0.0211808 0.0643202 0.048271 0.0707743 0.0574091 0.0406166 0.0285786 0.016238 0.007289 0.0066638 0.0231468 0.0002048 0.0315785 0.0142374 0.0557958 0.0341385 0.0217304 0.0106383 0.0073791 0.0063913 0.0118153 0.0510153 0.0699699 0.0726312 0.0303071 0.0264599 0.0160499 0.0065577 0.0004081 0.011139 0.0071939
 0 0.0490969 0.110601 0.0229246 0.026782 0.0224928 0.0138636 0.01085 0.0032337 0.0025385 0.0186777 0.0689216 0.0477997 0.0291647 0.0455844 0.0242614 0.0073179 0.0016539 1.96e-005 0.0057043 0.0021744 0.0711172 0.142939 0.0149185 0.0413637 0.0231792 0.0041828 0 0.0192026 0.0046668 0.0089127 0.0328644 0.0354889 0.0176779 0.0348756 0.0223767 0.0063396 0.000904 0 0.005327
 0 0.01014 0.117051 0.0762439 0.0111426 0.0383475 0.015032 0.0242945 0.0072302 0.0154353 0.0050742 0.0179333 0.0546144 0.0274772 0.0307221 0.0421302 0.0243993 0.0097013 0.0027964 0.0084029 0 0.0168693 0.112884 0.103687 0.012285 0.0505129 0.0109021 0.0160685 0 0.0042218 0.016419 0.0071661 0.0305821 0.0197003 0.0200471 0.0206655 0.0147312 0.0025171 0.0004722 0.0021007
 0 0.0379226 0.115094 0.124429 0.05823 0.0095642 0.0177152 0.0102667 0.0044939 0.0023008 0.0061336 0.002016 0.006722 0.0185508 0.0287411 0.0248033 0.0229918 0.008072 0.0032685 0.0031915 0 0.0386891 0.168454 0.112034 0.0714886 0.0105223 0.018579 0.0105854 0.0020404 0.0049182 0.0024332 0.0030432 0.0064388 0.0127267 0.0080443 0.0088241 0.0102565 0.0035076 0.0023394 0.0005693
 0 0.0367343 0.0974754 0.0792326 0.114238 0.0632594 0.0349751 0.0042898 0.0106489 0.0067426 0.0030899 0.0047109 0.0037251 0.004594 0.0073566 0.0134681 0.007718 0.0097883 0.0070932 0.0047169 0.0013484 0.061716 0.105799 0.111832 0.0760993 0.0667124 0.0325232 0.0046956 0.0055203 0 0.0013203 0 0.0016666 0.0001781 0.0038289 0.004039 0.0048384 0.0012418 0.0023262 0.0004574
#wt_srv_f_in
 0.009 0.015 0.03 0.059 0.112 0.183 0.267 0.363 0.439 0.489 0.577 0.57 0.612 0.667 0.714 0.79 0.862 0.939 0.889 0.815
 0.009 0.015 0.03 0.059 0.112 0.183 0.267 0.363 0.439 0.489 0.577 0.57 0.612 0.667 0.714 0.79 0.862 0.939 0.889 0.815
 0.009 0.015 0.03 0.059 0.112 0.183 0.267 0.363 0.439 0.489 0.577 0.57 0.612 0.667 0.714 0.79 0.862 0.939 0.889 0.815
 0.009 0.015 0.03 0.059 0.112 0.183 0.267 0.363 0.439 0.489 0.577 0.57 0.612 0.667 0.714 0.79 0.862 0.939 0.889 0.815
 0.009 0.015 0.03 0.059 0.112 0.183 0.267 0.363 0.439 0.489 0.577 0.57 0.612 0.667 0.714 0.79 0.862 0.939 0.889 0.815
 0.009 0.015 0.03 0.059 0.112 0.183 0.267 0.363 0.439 0.489 0.577 0.57 0.612 0.667 0.714 0.79 0.862 0.939 0.889 0.815
 0.009 0.015 0.03 0.059 0.112 0.183 0.267 0.363 0.439 0.489 0.577 0.57 0.612 0.667 0.714 0.79 0.862 0.939 0.889 0.815
 0.009 0.018 0.052 0.077 0.101 0.153 0.212 0.282 0.391 0.421 0.538 0.494 0.643 0.614 0.908 0.969 0.935 0.935 0.948 0.88
 0.009 0.013 0.032 0.102 0.154 0.2 0.277 0.312 0.431 0.418 0.497 0.466 0.608 0.63 0.817 0.864 0.992 1.08 1.022 0.88
 0.009 0.014 0.029 0.06 0.133 0.205 0.249 0.331 0.421 0.473 0.588 0.543 0.584 0.799 0.729 0.803 0.963 1.022 0.983 0.88
 0.009 0.021 0.033 0.068 0.152 0.249 0.33 0.397 0.511 0.503 0.615 0.62 0.539 0.615 0.717 0.757 0.896 1.013 0.993 0.91
 0.009 0.015 0.029 0.044 0.104 0.188 0.295 0.369 0.43 0.51 0.545 0.515 0.611 0.547 0.72 0.777 0.875 1.015 0.97 0.864
 0.009 0.015 0.034 0.065 0.115 0.205 0.339 0.494 0.521 0.487 0.614 0.598 0.634 0.746 0.647 0.755 0.866 1.02 0.956 0.864
 0.009 0.015 0.028 0.048 0.117 0.192 0.311 0.419 0.414 0.508 0.604 0.708 0.615 0.647 0.631 0.731 0.806 0.913 0.881 0.83
 0.009 0.016 0.025 0.055 0.093 0.175 0.236 0.38 0.495 0.559 0.609 0.564 0.566 0.723 0.661 0.727 0.801 0.908 0.87 0.83
 0.009 0.009 0.015 0.039 0.082 0.145 0.235 0.335 0.431 0.547 0.612 0.62 0.614 0.685 0.68 0.793 0.838 0.896 0.835 0.794
 0.009 0.009 0.022 0.031 0.072 0.117 0.184 0.306 0.349 0.462 0.549 0.574 0.705 0.667 0.694 0.802 0.856 0.855 0.798 0.819
 0.009 0.009 0.018 0.037 0.058 0.095 0.166 0.218 0.332 0.416 0.445 0.544 0.585 0.628 0.716 0.767 0.841 0.826 0.795 0.806
 0.009 0.009 0.022 0.031 0.082 0.108 0.182 0.228 0.305 0.41 0.534 0.629 0.555 0.645 0.72 0.79 0.854 0.851 0.828 0.826
 0.009 0.009 0.025 0.047 0.075 0.105 0.174 0.207 0.325 0.43 0.442 0.544 0.555 0.656 0.696 0.788 0.87 0.838 0.803 0.813
 0.009 0.009 0.025 0.039 0.072 0.112 0.157 0.218 0.268 0.39 0.41 0.465 0.681 0.673 0.666 0.729 0.869 0.803 0.785 0.812
 0.009 0.007 0.022 0.053 0.072 0.128 0.171 0.245 0.281 0.354 0.448 0.514 0.52 0.621 0.638 0.686 0.856 0.78 0.821 0.813
 0.009 0.016 0.021 0.045 0.082 0.102 0.173 0.199 0.238 0.344 0.393 0.418 0.468 0.665 0.632 0.66 0.808 0.782 0.824 0.81
 0.009 0.016 0.023 0.049 0.072 0.115 0.173 0.198 0.226 0.318 0.339 0.393 0.42 0.556 0.604 0.659 0.791 0.758 0.811 0.808
 0.009 0.016 0.017 0.029 0.045 0.086 0.114 0.178 0.237 0.245 0.32 0.387 0.437 0.489 0.591 0.646 0.745 0.737 0.803 0.838
 0.009 0.016 0 0.033 0.062 0.094 0.136 0.2 0.245 0.293 0.339 0.406 0.41 0.472 0.56 0.617 0.687 0.735 0.816 0.851
 0 0.02 0.0391429 0.0813333 0.0803077 0.115636 0.159111 0.218 0.228625 0.299 0.3316 0.380333 0.488667 0.513226 0.529867 0.609123 0.669495 0.737448 0.794141 0.908333
 0 0.0153333 0.0392727 0.0774286 0.111273 0.12365 0.1804 0.233857 0.271667 0.342333 0.350632 0.425613 0.4396 0.518 0.556715 0.583104 0.685993 0.671483 0.707714 0.883392
 0.003 0.011375 0.0395111 0.0689412 0.122133 0.1304 0.194333 0.215846 0.3402 0.354615 0.4692 0.401 0.483724 0.589143 0.608976 0.629836 0.682015 0.688205 0.761238 0.843711
 0 0.036 0.0357027 0.0904348 0.197364 0.201 0.424 0.278875 0.2952 0.463333 0.455 0.581111 0.591143 0.55625 0.595281 0.637482 0.6238 0.654002 0.740464 0.774122
 0 0.013 0.0313684 0.070037 0.144821 0.229714 0.228667 0.294571 0.332875 0.363 0.436333 0.503 0.448 0.525111 0.568027 0.580809 0.6032 0.651604 0.667623 0.736366
 0 0.013 0.0231111 0.0451111 0.0996667 0.153875 0.238 0.26125 0.329 0.3631 0.357143 0.4895 0.455333 0.485 0.608923 0.553631 0.622333 0.659249 0.707393 0.773381
 0 0.008 0.0181818 0.035 0.07 0.136909 0.217714 0.250563 0.335667 0.3402 0.4804 0.4255 0.512 0.574889 0.559689 0.564849 0.611222 0.615046 0.694567 0.767402
 0 0.008 0.0171111 0.0388333 0.06056 0.136333 0.169795 0.323 0.313 0.515143 0.447846 0.601333 0.496 0.511644 0.527146 0.631172 0.624493 0.601089 0.676485 0.7344
 0 0.008 0.0146154 0.0317419 0.056 0.1024 0.15681 0.271548 0.32016 0.348286 0.3988 0.433667 0.474909 0.4484 0.607299 0.641168 0.712139 0.610141 0.647525 0.735214
 0 0.012 0.022 0.0467778 0.0695385 0.115333 0.145565 0.244564 0.32472 0.370941 0.479333 0.448727 0.447 0.619077 0.608692 0.661834 0.733046 0.720047 0.486242 0.73522
 0 0.012 0.0352 0.0763333 0.144214 0.170233 0.1873 0.270368 0.3475 0.396091 0.475882 0.5346 0.530429 0.603667 0.621157 0.690516 0.718515 0.776682 0.528747 0.764442
 0 0.011 0.0343778 0.038 0.0892727 0.1316 0.1817 0.2588 0.326667 0.3868 0.474444 0.562 0.616667 0.68375 0.671163 0.72941 0.721738 0.717513 0.742249 0.772469
 0 0.01 0.0335556 0.107333 0.107333 0.137667 0.241714 0.235091 0.342167 0.378522 0.444526 0.572857 0.623455 0.68 0.709832 0.7521 0.769313 0.719028 0.755416 0.7658
 0 0.012 0.0308 0.0736 0.1016 0.184667 0.142 0.134 0.33175 0.3598 0.451 0.532645 0.645 0.615167 0.736811 0.700996 0.785771 0.772692 0.786605 0.806926
 0.006 0.0133333 0.0326957 0.0871579 0.129375 0.274 0.254 0.3448 0.3315 0.398778 0.492222 0.60475 0.581063 0.656727 0.714255 0.67986 0.734876 0.816075 0.849418 0.853896
 0 0.0190968 0.0762 0.0779688 0.196182 0.1891 0.275 0.248 0.416 0.447375 0.469059 0.541214 0.538048 0.557187 0.667569 0.663092 0.747536 0.795092 1.01022 0.893961
 0 0.0130556 0.0456818 0.109333 0.171231 0.255941 0.2936 0.313714 0.385 0.6175 0.474714 0.523692 0.586278 0.524154 0.646838 0.677142 0.764981 0.777419 1.03407 0.916188
 0.0015 0.0107143 0.04514 0.100679 0.188909 0.256243 0.315333 0.375286 0.46325 0.427333 0.457 0.500286 0.539235 0.609583 0.638228 0.68186 0.733779 0.733481 0.793136 0.897161
 0 0.0170667 0.0423437 0.101185 0.18866 0.266 0.41535 0.407556 0.3925 0.405 0.557333 0.679 0.56925 0.642462 0.635951 0.6647 0.70339 0.684339 0.71817 0.883144
 0 0.0156833 0.0424885 0.0946259 0.161997 0.257635 0.38827 0.411978 0.426114 0.446813 0.541333 0.648875 0.622375 0.679131 0.676275 0.647223 0.709754 0.690506 0.742987 0.901321
 0 0.0143 0.0426333 0.0880667 0.135333 0.249269 0.36119 0.4164 0.459727 0.488625 0.525333 0.61875 0.6755 0.7158 0.72725 0.629667 0.725308 0.7105 0.79275 0.927545
 0 0.0143 0.0426333 0.0880667 0.135333 0.249269 0.36119 0.4164 0.459727 0.488625 0.525333 0.61875 0.6755 0.7158 0.72725 0.629667 0.725308 0.7105 0.79275 0.927545
#wt_srv_m_in
 0.007 0.011 0.013 0.026 0.055 0.1 0.153 0.213 0.256 0.259 0.311 0.301 0.314 0.353 0.367 0.33 0.455 0.342 0.366 0.36
 0.007 0.011 0.013 0.026 0.055 0.1 0.153 0.213 0.256 0.259 0.311 0.301 0.314 0.353 0.367 0.33 0.455 0.342 0.366 0.36
 0.007 0.011 0.013 0.026 0.055 0.1 0.153 0.213 0.256 0.259 0.311 0.301 0.314 0.353 0.367 0.33 0.455 0.342 0.366 0.36
 0.007 0.011 0.013 0.026 0.055 0.1 0.153 0.213 0.256 0.259 0.311 0.301 0.314 0.353 0.367 0.33 0.455 0.342 0.366 0.36
 0.007 0.011 0.013 0.026 0.055 0.1 0.153 0.213 0.256 0.259 0.311 0.301 0.314 0.353 0.367 0.33 0.455 0.342 0.366 0.36
 0.007 0.011 0.013 0.026 0.055 0.1 0.153 0.213 0.256 0.259 0.311 0.301 0.314 0.353 0.367 0.33 0.455 0.342 0.366 0.36
 0.002 0.014 0.047 0.078 0.088 0.145 0.176 0.205 0.208 0.282 0.339 0.239 0.273 0.352 0.31 0.582 0.373 0.325 0.36 0.399
 0.002 0.014 0.047 0.078 0.088 0.145 0.176 0.205 0.208 0.282 0.339 0.239 0.273 0.352 0.31 0.582 0.373 0.325 0.36 0.399
 0.002 0.015 0.029 0.093 0.132 0.149 0.191 0.219 0.201 0.24 0.208 0.255 0.297 0.306 0.306 0.49 0.373 0.325 0.36 0.399
 0.002 0.018 0.023 0.053 0.12 0.13 0.198 0.216 0.228 0.284 0.256 0.251 0.292 0.293 0.294 0.447 0.346 0.325 0.36 0.399
 0.002 0.018 0.034 0.061 0.135 0.206 0.228 0.256 0.252 0.327 0.335 0.327 0.575 0.369 0.298 0.481 0.353 0.325 0.36 0.399
 0.002 0.018 0.027 0.037 0.092 0.168 0.261 0.252 0.253 0.26 0.299 0.327 0.575 0.369 0.3 0.501 0.357 0.325 0.36 0.399
 0.002 0.012 0.029 0.065 0.101 0.176 0.257 0.303 0.277 0.26 0.299 0.327 0.575 0.369 0.3 0.501 0.354 0.325 0.36 0.399
 0.002 0.014 0.022 0.049 0.11 0.172 0.233 0.301 0.337 0.438 0.324 0.278 0.345 0.458 0.302 0.538 0.352 0.342 0.36 0.399
 0.002 0.012 0.022 0.048 0.097 0.156 0.208 0.293 0.286 0.368 0.313 0.356 0.345 0.341 0.31 0.562 0.365 0.358 0.36 0.372
 0.002 0.006 0.014 0.033 0.066 0.125 0.203 0.29 0.305 0.292 0.314 0.377 0.336 0.398 0.32 0.542 0.363 0.374 0.36 0.35
 0.002 0.012 0.011 0.03 0.062 0.105 0.174 0.225 0.243 0.312 0.322 0.425 0.351 0.422 0.34 0.521 0.36 0.391 0.36 0.35
 0.002 0.008 0.013 0.031 0.053 0.089 0.166 0.202 0.244 0.234 0.323 0.311 0.345 0.318 0.347 0.477 0.376 0.407 0.36 0.35
 0.002 0.007 0.019 0.035 0.069 0.096 0.149 0.166 0.263 0.309 0.353 0.34 0.471 0.355 0.369 0.432 0.391 0.407 0.36 0.35
 0.002 0.011 0.02 0.041 0.066 0.093 0.143 0.216 0.216 0.242 0.286 0.317 0.361 0.362 0.383 0.42 0.399 0.407 0.368 0.377
 0.002 0.011 0.029 0.039 0.069 0.093 0.153 0.175 0.218 0.247 0.281 0.303 0.379 0.306 0.387 0.408 0.406 0.407 0.375 0.399
 0.002 0.006 0.02 0.045 0.07 0.113 0.152 0.205 0.205 0.232 0.302 0.294 0.245 0.359 0.352 0.391 0.42 0.422 0.383 0.399
 0.002 0.006 0.018 0.04 0.071 0.112 0.147 0.208 0.215 0.219 0.272 0.263 0.323 0.255 0.362 0.398 0.419 0.437 0.39 0.399
 0.002 0.006 0.023 0.041 0.072 0.083 0.148 0.174 0.225 0.225 0.232 0.257 0.245 0.325 0.356 0.407 0.417 0.478 0.398 0.399
 0.002 0.006 0.015 0.031 0.041 0.092 0.142 0.155 0.19 0.2 0.239 0.255 0.229 0.262 0.338 0.404 0.425 0.505 0.398 0.399
 0.002 0.006 0.015 0.038 0.034 0.068 0.12 0.163 0.205 0.205 0.23 0.26 0.277 0.269 0.318 0.382 0.406 0.52 0.406 0.399
 0 0.022 0.0291429 0.0657143 0.0738333 0.101467 0.138364 0.189158 0.244 0.232235 0.238308 0.319273 0.344556 0.372471 0.375389 0.396096 0.429556 0.391778 0.573667 0.475222
 0.001 0.0162 0.03232 0.0695 0.09 0.112312 0.166167 0.22075 0.270421 0.225333 0.268857 0.284071 0.298571 0.3005 0.338641 0.366299 0.416852 0.391481 0.470556 0.487407
 0.002 0.0133043 0.0391111 0.0680833 0.1068 0.11025 0.1816 0.162571 0.387 0.277333 0.3904 0.283846 0.298818 0.378286 0.32928 0.410533 0.378474 0.418983 0.393852 0.47518
 0.002 0.0233333 0.04256 0.112 0.2066 0.154222 0.186 0.3165 0.262 0.289667 0.360154 0.302 0.3864 0.338933 0.32376 0.429122 0.357182 0.390446 0.380951 0.413327
 0.002 0.014 0.026 0.0670698 0.148176 0.188571 0.234444 0.2665 0.284 0.302 0.409 0.4024 0.428 0.279714 0.31732 0.383527 0.373338 0.398445 0.396256 0.39875
 0.003 0.00771429 0.0172 0.0463415 0.0982381 0.154412 0.214 0.2215 0.233429 0.2536 0.2436 0.282667 0.335667 0.360667 0.341888 0.362106 0.403843 0.434193 0.455914 0.421891
 0.004 0.00733333 0.0146154 0.037 0.0760606 0.130207 0.183895 0.230571 0.28225 0.241 0.278 0.341333 0.2955 0.2895 0.350232 0.394924 0.403833 0.418664 0.45786 0.42863
 0.004 0.00766667 0.0176667 0.0312727 0.0506667 0.123306 0.151619 0.238647 0.254 0.236 0.351 0.299714 0.325333 0.342 0.3323 0.431419 0.388211 0.41174 0.40982 0.463455
 0.004 0.008 0.0158 0.0305946 0.0566087 0.092 0.159463 0.21336 0.232923 0.234 0.302 0.399 0.343429 0.327 0.360767 0.371584 0.413737 0.401765 0.395473 0.467035
 0.004 0.013 0.029 0.0349524 0.07104 0.1011 0.129391 0.188727 0.26419 0.317455 0.2878 0.38 0.325333 0.2865 0.382256 0.320269 0.419801 0.387866 0.426158 0.453206
 0.004 0.0125 0.034 0.0549286 0.0787857 0.116937 0.178895 0.222632 0.28448 0.284727 0.354909 0.322 0.386 0.4035 0.378085 0.335978 0.401045 0.359233 0.468803 0.475083
 0.004 0.012 0.0152 0.0376667 0.0832 0.140769 0.181333 0.194667 0.2768 0.2948 0.327111 0.296 0.444 0.328333 0.380562 0.371474 0.398793 0.365967 0.489684 0.477425
 0.004 0.008 0.0453333 0.04 0.0916667 0.174333 0.162667 0.207625 0.253818 0.28 0.282667 0.346429 0.367538 0.336 0.393609 0.375825 0.405153 0.413711 0.479061 0.457748
 0.004 0.0144 0.0351429 0.07325 0.11 0.118 0.185 0.198 0.25 0.2432 0.289429 0.340923 0.362 0.4135 0.386092 0.368608 0.407718 0.45707 0.452987 0.455316
 0.004 0.018 0.033625 0.0931579 0.142308 0.146 0.24 0.27 0.2716 0.304267 0.331636 0.389333 0.374571 0.468333 0.381576 0.399286 0.399239 0.522523 0.431573 0.477105
 0.004 0.0193103 0.064 0.08865 0.186938 0.203143 0.179 0.266 0.342 0.271 0.338909 0.332471 0.322133 0.408 0.376357 0.414607 0.420969 0.536008 0.415524 0.513544
 0.0035 0.0120909 0.0475098 0.101062 0.155429 0.203083 0.184 0.2631 0.2976 0.265 0.221333 0.329917 0.305538 0.482778 0.358171 0.391931 0.429628 0.517669 0.445064 0.54471
 0.0035 0.0113571 0.0372 0.101068 0.175167 0.220885 0.24075 0.2602 0.2878 0.3 0.30375 0.476 0.3012 0.353778 0.390424 0.381848 0.398026 0.490756 0.437243 0.557689
 0.0035 0.018 0.041825 0.0898 0.170944 0.224375 0.303909 0.30575 0.278 0.325333 0.3075 0.363 0.412429 0.328556 0.424375 0.386196 0.393075 0.463919 0.421131 0.575792
 0.00675 0.01596 0.0427202 0.0813898 0.160845 0.215304 0.29935 0.350232 0.343833 0.325333 0.31625 0.363 0.376214 0.376778 0.432425 0.383184 0.415958 0.48284 0.458971 0.618285
 0.01 0.01392 0.0436154 0.0729796 0.150745 0.206233 0.294792 0.394714 0.409667 0.325333 0.325 0.363 0.34 0.425 0.434 0.378333 0.4458 0.5132 0.5103 0.666875
 0.01 0.01392 0.0436154 0.0729796 0.150745 0.206233 0.294792 0.394714 0.409667 0.325333 0.325 0.363 0.34 0.425 0.434 0.378333 0.4458 0.5132 0.5103 0.666875
#wt_pop_f_in
 0.009 0.015 0.03 0.059 0.112 0.183 0.267 0.363 0.439 0.489 0.577 0.57 0.612 0.667 0.714 0.79 0.862 0.939 0.889 0.815
 0.009 0.015 0.03 0.059 0.112 0.183 0.267 0.363 0.439 0.489 0.577 0.57 0.612 0.667 0.714 0.79 0.862 0.939 0.889 0.815
 0.009 0.015 0.03 0.059 0.112 0.183 0.267 0.363 0.439 0.489 0.577 0.57 0.612 0.667 0.714 0.79 0.862 0.939 0.889 0.815
 0.009 0.015 0.03 0.059 0.112 0.183 0.267 0.363 0.439 0.489 0.577 0.57 0.612 0.667 0.714 0.79 0.862 0.939 0.889 0.815
 0.009 0.015 0.03 0.059 0.112 0.183 0.267 0.363 0.439 0.489 0.577 0.57 0.612 0.667 0.714 0.79 0.862 0.939 0.889 0.815
 0.009 0.015 0.03 0.059 0.112 0.183 0.267 0.363 0.439 0.489 0.577 0.57 0.612 0.667 0.714 0.79 0.862 0.939 0.889 0.815
 0.009 0.015 0.03 0.059 0.112 0.183 0.267 0.363 0.439 0.489 0.577 0.57 0.612 0.667 0.714 0.79 0.862 0.939 0.889 0.815
 0.009 0.018 0.052 0.077 0.101 0.153 0.212 0.282 0.391 0.421 0.538 0.494 0.643 0.614 0.908 0.969 0.935 0.935 0.948 0.88
 0.009 0.013 0.032 0.102 0.154 0.2 0.277 0.312 0.431 0.418 0.497 0.466 0.608 0.63 0.817 0.864 0.992 1.08 1.022 0.88
 0.009 0.014 0.029 0.06 0.133 0.205 0.249 0.331 0.421 0.473 0.588 0.543 0.584 0.799 0.729 0.803 0.963 1.022 0.983 0.88
 0.009 0.021 0.033 0.068 0.152 0.249 0.33 0.397 0.511 0.503 0.615 0.62 0.539 0.615 0.717 0.757 0.896 1.013 0.993 0.91
 0.009 0.015 0.029 0.044 0.104 0.188 0.295 0.369 0.43 0.51 0.545 0.515 0.611 0.547 0.72 0.777 0.875 1.015 0.97 0.864
 0.009 0.015 0.034 0.065 0.115 0.205 0.339 0.494 0.521 0.487 0.614 0.598 0.634 0.746 0.647 0.755 0.866 1.02 0.956 0.864
 0.009 0.015 0.028 0.048 0.117 0.192 0.311 0.419 0.414 0.508 0.604 0.708 0.615 0.647 0.631 0.731 0.806 0.913 0.881 0.83
 0.009 0.016 0.025 0.055 0.093 0.175 0.236 0.38 0.495 0.559 0.609 0.564 0.566 0.723 0.661 0.727 0.801 0.908 0.87 0.83
 0.009 0.009 0.015 0.039 0.082 0.145 0.235 0.335 0.431 0.547 0.612 0.62 0.614 0.685 0.68 0.793 0.838 0.896 0.835 0.794
 0.009 0.009 0.022 0.031 0.072 0.117 0.184 0.306 0.349 0.462 0.549 0.574 0.705 0.667 0.694 0.802 0.856 0.855 0.798 0.819
 0.009 0.009 0.018 0.037 0.058 0.095 0.166 0.218 0.332 0.416 0.445 0.544 0.585 0.628 0.716 0.767 0.841 0.826 0.795 0.806
 0.009 0.009 0.022 0.031 0.082 0.108 0.182 0.228 0.305 0.41 0.534 0.629 0.555 0.645 0.72 0.79 0.854 0.851 0.828 0.826
 0.009 0.009 0.025 0.047 0.075 0.105 0.174 0.207 0.325 0.43 0.442 0.544 0.555 0.656 0.696 0.788 0.87 0.838 0.803 0.813
 0.009 0.009 0.025 0.039 0.072 0.112 0.157 0.218 0.268 0.39 0.41 0.465 0.681 0.673 0.666 0.729 0.869 0.803 0.785 0.812
 0.009 0.007 0.022 0.053 0.072 0.128 0.171 0.245 0.281 0.354 0.448 0.514 0.52 0.621 0.638 0.686 0.856 0.78 0.821 0.813
 0.009 0.016 0.021 0.045 0.082 0.102 0.173 0.199 0.238 0.344 0.393 0.418 0.468 0.665 0.632 0.66 0.808 0.782 0.824 0.81
 0.009 0.016 0.023 0.049 0.072 0.115 0.173 0.198 0.226 0.318 0.339 0.393 0.42 0.556 0.604 0.659 0.791 0.758 0.811 0.808
 0.009 0.016 0.017 0.029 0.045 0.086 0.114 0.178 0.237 0.245 0.32 0.387 0.437 0.489 0.591 0.646 0.745 0.737 0.803 0.838
 0.009 0.016 0 0.033 0.062 0.094 0.136 0.2 0.245 0.293 0.339 0.406 0.41 0.472 0.56 0.617 0.687 0.735 0.816 0.851
 0 0.02 0.0391429 0.0813333 0.0803077 0.115636 0.159111 0.218 0.228625 0.299 0.3316 0.380333 0.488667 0.513226 0.529867 0.609123 0.669495 0.737448 0.794141 0.908333
 0 0.0153333 0.0392727 0.0774286 0.111273 0.12365 0.1804 0.233857 0.271667 0.342333 0.350632 0.425613 0.4396 0.518 0.556715 0.583104 0.685993 0.671483 0.707714 0.883392
 0.003 0.011375 0.0395111 0.0689412 0.122133 0.1304 0.194333 0.215846 0.3402 0.354615 0.4692 0.401 0.483724 0.589143 0.608976 0.629836 0.682015 0.688205 0.761238 0.843711
 0 0.036 0.0357027 0.0904348 0.197364 0.201 0.424 0.278875 0.2952 0.463333 0.455 0.581111 0.591143 0.55625 0.595281 0.637482 0.6238 0.654002 0.740464 0.774122
 0 0.013 0.0313684 0.070037 0.144821 0.229714 0.228667 0.294571 0.332875 0.363 0.436333 0.503 0.448 0.525111 0.568027 0.580809 0.6032 0.651604 0.667623 0.736366
 0 0.013 0.0231111 0.0451111 0.0996667 0.153875 0.238 0.26125 0.329 0.3631 0.357143 0.4895 0.455333 0.485 0.608923 0.553631 0.622333 0.659249 0.707393 0.773381
 0 0.008 0.0181818 0.035 0.07 0.136909 0.217714 0.250563 0.335667 0.3402 0.4804 0.4255 0.512 0.574889 0.559689 0.564849 0.611222 0.615046 0.694567 0.767402
 0 0.008 0.0171111 0.0388333 0.06056 0.136333 0.169795 0.323 0.313 0.515143 0.447846 0.601333 0.496 0.511644 0.527146 0.631172 0.624493 0.601089 0.676485 0.7344
 0 0.008 0.0146154 0.0317419 0.056 0.1024 0.15681 0.271548 0.32016 0.348286 0.3988 0.433667 0.474909 0.4484 0.607299 0.641168 0.712139 0.610141 0.647525 0.735214
 0 0.012 0.022 0.0467778 0.0695385 0.115333 0.145565 0.244564 0.32472 0.370941 0.479333 0.448727 0.447 0.619077 0.608692 0.661834 0.733046 0.720047 0.486242 0.73522
 0 0.012 0.0352 0.0763333 0.144214 0.170233 0.1873 0.270368 0.3475 0.396091 0.475882 0.5346 0.530429 0.603667 0.621157 0.690516 0.718515 0.776682 0.528747 0.764442
 0 0.011 0.0343778 0.038 0.0892727 0.1316 0.1817 0.2588 0.326667 0.3868 0.474444 0.562 0.616667 0.68375 0.671163 0.72941 0.721738 0.717513 0.742249 0.772469
 0 0.01 0.0335556 0.107333 0.107333 0.137667 0.241714 0.235091 0.342167 0.378522 0.444526 0.572857 0.623455 0.68 0.709832 0.7521 0.769313 0.719028 0.755416 0.7658
 0 0.012 0.0308 0.0736 0.1016 0.184667 0.142 0.134 0.33175 0.3598 0.451 0.532645 0.645 0.615167 0.736811 0.700996 0.785771 0.772692 0.786605 0.806926
 0.006 0.0133333 0.0326957 0.0871579 0.129375 0.274 0.254 0.3448 0.3315 0.398778 0.492222 0.60475 0.581063 0.656727 0.714255 0.67986 0.734876 0.816075 0.849418 0.853896
 0 0.0190968 0.0762 0.0779688 0.196182 0.1891 0.275 0.248 0.416 0.447375 0.469059 0.541214 0.538048 0.557187 0.667569 0.663092 0.747536 0.795092 1.01022 0.893961
 0 0.0130556 0.0456818 0.109333 0.171231 0.255941 0.2936 0.313714 0.385 0.6175 0.474714 0.523692 0.586278 0.524154 0.646838 0.677142 0.764981 0.777419 1.03407 0.916188
 0.0015 0.0107143 0.04514 0.100679 0.188909 0.256243 0.315333 0.375286 0.46325 0.427333 0.457 0.500286 0.539235 0.609583 0.638228 0.68186 0.733779 0.733481 0.793136 0.897161
 0 0.0170667 0.0423437 0.101185 0.18866 0.266 0.41535 0.407556 0.3925 0.405 0.557333 0.679 0.56925 0.642462 0.635951 0.6647 0.70339 0.684339 0.71817 0.883144
 0 0.0156833 0.0424885 0.0946259 0.161997 0.257635 0.38827 0.411978 0.426114 0.446813 0.541333 0.648875 0.622375 0.679131 0.676275 0.647223 0.709754 0.690506 0.742987 0.901321
 0 0.0143 0.0426333 0.0880667 0.135333 0.249269 0.36119 0.4164 0.459727 0.488625 0.525333 0.61875 0.6755 0.7158 0.72725 0.629667 0.725308 0.7105 0.79275 0.927545
 0 0.0143 0.0426333 0.0880667 0.135333 0.249269 0.36119 0.4164 0.459727 0.488625 0.525333 0.61875 0.6755 0.7158 0.72725 0.629667 0.725308 0.7105 0.79275 0.927545
#wt_pop_m_in
 0.007 0.011 0.013 0.026 0.055 0.1 0.153 0.213 0.256 0.259 0.311 0.301 0.314 0.353 0.367 0.33 0.455 0.342 0.366 0.36
 0.007 0.011 0.013 0.026 0.055 0.1 0.153 0.213 0.256 0.259 0.311 0.301 0.314 0.353 0.367 0.33 0.455 0.342 0.366 0.36
 0.007 0.011 0.013 0.026 0.055 0.1 0.153 0.213 0.256 0.259 0.311 0.301 0.314 0.353 0.367 0.33 0.455 0.342 0.366 0.36
 0.007 0.011 0.013 0.026 0.055 0.1 0.153 0.213 0.256 0.259 0.311 0.301 0.314 0.353 0.367 0.33 0.455 0.342 0.366 0.36
 0.007 0.011 0.013 0.026 0.055 0.1 0.153 0.213 0.256 0.259 0.311 0.301 0.314 0.353 0.367 0.33 0.455 0.342 0.366 0.36
 0.007 0.011 0.013 0.026 0.055 0.1 0.153 0.213 0.256 0.259 0.311 0.301 0.314 0.353 0.367 0.33 0.455 0.342 0.366 0.36
 0.002 0.014 0.047 0.078 0.088 0.145 0.176 0.205 0.208 0.282 0.339 0.239 0.273 0.352 0.31 0.582 0.373 0.325 0.36 0.399
 0.002 0.014 0.047 0.078 0.088 0.145 0.176 0.205 0.208 0.282 0.339 0.239 0.273 0.352 0.31 0.582 0.373 0.325 0.36 0.399
 0.002 0.015 0.029 0.093 0.132 0.149 0.191 0.219 0.201 0.24 0.208 0.255 0.297 0.306 0.306 0.49 0.373 0.325 0.36 0.399
 0.002 0.018 0.023 0.053 0.12 0.13 0.198 0.216 0.228 0.284 0.256 0.251 0.292 0.293 0.294 0.447 0.346 0.325 0.36 0.399
 0.002 0.018 0.034 0.061 0.135 0.206 0.228 0.256 0.252 0.327 0.335 0.327 0.575 0.369 0.298 0.481 0.353 0.325 0.36 0.399
 0.002 0.018 0.027 0.037 0.092 0.168 0.261 0.252 0.253 0.26 0.299 0.327 0.575 0.369 0.3 0.501 0.357 0.325 0.36 0.399
 0.002 0.012 0.029 0.065 0.101 0.176 0.257 0.303 0.277 0.26 0.299 0.327 0.575 0.369 0.3 0.501 0.354 0.325 0.36 0.399
 0.002 0.014 0.022 0.049 0.11 0.172 0.233 0.301 0.337 0.438 0.324 0.278 0.345 0.458 0.302 0.538 0.352 0.342 0.36 0.399
 0.002 0.012 0.022 0.048 0.097 0.156 0.208 0.293 0.286 0.368 0.313 0.356 0.345 0.341 0.31 0.562 0.365 0.358 0.36 0.372
 0.002 0.006 0.014 0.033 0.066 0.125 0.203 0.29 0.305 0.292 0.314 0.377 0.336 0.398 0.32 0.542 0.363 0.374 0.36 0.35
 0.002 0.012 0.011 0.03 0.062 0.105 0.174 0.225 0.243 0.312 0.322 0.425 0.351 0.422 0.34 0.521 0.36 0.391 0.36 0.35
 0.002 0.008 0.013 0.031 0.053 0.089 0.166 0.202 0.244 0.234 0.323 0.311 0.345 0.318 0.347 0.477 0.376 0.407 0.36 0.35
 0.002 0.007 0.019 0.035 0.069 0.096 0.149 0.166 0.263 0.309 0.353 0.34 0.471 0.355 0.369 0.432 0.391 0.407 0.36 0.35
 0.002 0.011 0.02 0.041 0.066 0.093 0.143 0.216 0.216 0.242 0.286 0.317 0.361 0.362 0.383 0.42 0.399 0.407 0.368 0.377
 0.002 0.011 0.029 0.039 0.069 0.093 0.153 0.175 0.218 0.247 0.281 0.303 0.379 0.306 0.387 0.408 0.406 0.407 0.375 0.399
 0.002 0.006 0.02 0.045 0.07 0.113 0.152 0.205 0.205 0.232 0.302 0.294 0.245 0.359 0.352 0.391 0.42 0.422 0.383 0.399
 0.002 0.006 0.018 0.04 0.071 0.112 0.147 0.208 0.215 0.219 0.272 0.263 0.323 0.255 0.362 0.398 0.419 0.437 0.39 0.399
 0.002 0.006 0.023 0.041 0.072 0.083 0.148 0.174 0.225 0.225 0.232 0.257 0.245 0.325 0.356 0.407 0.417 0.478 0.398 0.399
 0.002 0.006 0.015 0.031 0.041 0.092 0.142 0.155 0.19 0.2 0.239 0.255 0.229 0.262 0.338 0.404 0.425 0.505 0.398 0.399
 0.002 0.006 0.015 0.038 0.034 0.068 0.12 0.163 0.205 0.205 0.23 0.26 0.277 0.269 0.318 0.382 0.406 0.52 0.406 0.399
 0 0.022 0.0291429 0.0657143 0.0738333 0.101467 0.138364 0.189158 0.244 0.232235 0.238308 0.319273 0.344556 0.372471 0.375389 0.396096 0.429556 0.391778 0.573667 0.475222
 0.001 0.0162 0.03232 0.0695 0.09 0.112312 0.166167 0.22075 0.270421 0.225333 0.268857 0.284071 0.298571 0.3005 0.338641 0.366299 0.416852 0.391481 0.470556 0.487407
 0.002 0.0133043 0.0391111 0.0680833 0.1068 0.11025 0.1816 0.162571 0.387 0.277333 0.3904 0.283846 0.298818 0.378286 0.32928 0.410533 0.378474 0.418983 0.393852 0.47518
 0.002 0.0233333 0.04256 0.112 0.2066 0.154222 0.186 0.3165 0.262 0.289667 0.360154 0.302 0.3864 0.338933 0.32376 0.429122 0.357182 0.390446 0.380951 0.413327
 0.002 0.014 0.026 0.0670698 0.148176 0.188571 0.234444 0.2665 0.284 0.302 0.409 0.4024 0.428 0.279714 0.31732 0.383527 0.373338 0.398445 0.396256 0.39875
 0.003 0.00771429 0.0172 0.0463415 0.0982381 0.154412 0.214 0.2215 0.233429 0.2536 0.2436 0.282667 0.335667 0.360667 0.341888 0.362106 0.403843 0.434193 0.455914 0.421891
 0.004 0.00733333 0.0146154 0.037 0.0760606 0.130207 0.183895 0.230571 0.28225 0.241 0.278 0.341333 0.2955 0.2895 0.350232 0.394924 0.403833 0.418664 0.45786 0.42863
 0.004 0.00766667 0.0176667 0.0312727 0.0506667 0.123306 0.151619 0.238647 0.254 0.236 0.351 0.299714 0.325333 0.342 0.3323 0.431419 0.388211 0.41174 0.40982 0.463455
 0.004 0.008 0.0158 0.0305946 0.0566087 0.092 0.159463 0.21336 0.232923 0.234 0.302 0.399 0.343429 0.327 0.360767 0.371584 0.413737 0.401765 0.395473 0.467035
 0.004 0.013 0.029 0.0349524 0.07104 0.1011 0.129391 0.188727 0.26419 0.317455 0.2878 0.38 0.325333 0.2865 0.382256 0.320269 0.419801 0.387866 0.426158 0.453206
 0.004 0.0125 0.034 0.0549286 0.0787857 0.116937 0.178895 0.222632 0.28448 0.284727 0.354909 0.322 0.386 0.4035 0.378085 0.335978 0.401045 0.359233 0.468803 0.475083
 0.004 0.012 0.0152 0.0376667 0.0832 0.140769 0.181333 0.194667 0.2768 0.2948 0.327111 0.296 0.444 0.328333 0.380562 0.371474 0.398793 0.365967 0.489684 0.477425
 0.004 0.008 0.0453333 0.04 0.0916667 0.174333 0.162667 0.207625 0.253818 0.28 0.282667 0.346429 0.367538 0.336 0.393609 0.375825 0.405153 0.413711 0.479061 0.457748
 0.004 0.0144 0.0351429 0.07325 0.11 0.118 0.185 0.198 0.25 0.2432 0.289429 0.340923 0.362 0.4135 0.386092 0.368608 0.407718 0.45707 0.452987 0.455316
 0.004 0.018 0.033625 0.0931579 0.142308 0.146 0.24 0.27 0.2716 0.304267 0.331636 0.389333 0.374571 0.468333 0.381576 0.399286 0.399239 0.522523 0.431573 0.477105
 0.004 0.0193103 0.064 0.08865 0.186938 0.203143 0.179 0.266 0.342 0.271 0.338909 0.332471 0.322133 0.408 0.376357 0.414607 0.420969 0.536008 0.415524 0.513544
 0.0035 0.0120909 0.0475098 0.101062 0.155429 0.203083 0.184 0.2631 0.2976 0.265 0.221333 0.329917 0.305538 0.482778 0.358171 0.391931 0.429628 0.517669 0.445064 0.54471
 0.0035 0.0113571 0.0372 0.101068 0.175167 0.220885 0.24075 0.2602 0.2878 0.3 0.30375 0.476 0.3012 0.353778 0.390424 0.381848 0.398026 0.490756 0.437243 0.557689
 0.0035 0.018 0.041825 0.0898 0.170944 0.224375 0.303909 0.30575 0.278 0.325333 0.3075 0.363 0.412429 0.328556 0.424375 0.386196 0.393075 0.463919 0.421131 0.575792
 0.00675 0.01596 0.0427202 0.0813898 0.160845 0.215304 0.29935 0.350232 0.343833 0.325333 0.31625 0.363 0.376214 0.376778 0.432425 0.383184 0.415958 0.48284 0.458971 0.618285
 0.01 0.01392 0.0436154 0.0729796 0.150745 0.206233 0.294792 0.394714 0.409667 0.325333 0.325 0.363 0.34 0.425 0.434 0.378333 0.4458 0.5132 0.5103 0.666875
 0.01 0.01392 0.0436154 0.0729796 0.150745 0.206233 0.294792 0.394714 0.409667 0.325333 0.325 0.363 0.34 0.425 0.434 0.378333 0.4458 0.5132 0.5103 0.666875
#maturity
 0 0 0 0 0.001 0.008 0.061 0.2 0.505 0.75 0.888 0.929 0.955 0.979 0.983 0.991 0.996 0.997 0.997 0.997
 0 0 0 0 0.001 0.008 0.061 0.2 0.505 0.75 0.888 0.929 0.955 0.979 0.983 0.991 0.996 0.997 0.997 0.997
 0 0 0 0 0.001 0.008 0.061 0.2 0.505 0.75 0.888 0.929 0.955 0.979 0.983 0.991 0.996 0.997 0.997 0.997
 0 0 0 0 0.001 0.008 0.061 0.2 0.505 0.75 0.888 0.929 0.955 0.979 0.983 0.991 0.996 0.997 0.997 0.997
 0 0 0 0 0.001 0.008 0.061 0.2 0.505 0.75 0.888 0.929 0.955 0.979 0.983 0.991 0.996 0.997 0.997 0.997
 0 0 0 0 0.001 0.008 0.061 0.2 0.505 0.75 0.888 0.929 0.955 0.979 0.983 0.991 0.996 0.997 0.997 0.997
 0 0 0 0 0.001 0.008 0.061 0.2 0.505 0.75 0.888 0.929 0.955 0.979 0.983 0.991 0.996 0.997 0.997 0.997
 0 0 0 0 0.001 0.008 0.061 0.2 0.505 0.75 0.888 0.929 0.955 0.979 0.983 0.991 0.996 0.997 0.997 0.997
 0 0 0 0 0.001 0.008 0.061 0.2 0.505 0.75 0.888 0.929 0.955 0.979 0.983 0.991 0.996 0.997 0.997 0.997
 0 0 0 0 0.001 0.008 0.061 0.2 0.505 0.75 0.888 0.929 0.955 0.979 0.983 0.991 0.996 0.997 0.997 0.997
 0 0 0 0 0.001 0.008 0.061 0.2 0.505 0.75 0.888 0.929 0.955 0.979 0.983 0.991 0.996 0.997 0.997 0.997
 0 0 0 0 0.001 0.008 0.061 0.2 0.505 0.75 0.888 0.929 0.955 0.979 0.983 0.991 0.996 0.997 0.997 0.997
 0 0 0 0 0.001 0.008 0.061 0.2 0.505 0.75 0.888 0.929 0.955 0.979 0.983 0.991 0.996 0.997 0.997 0.997
 0 0 0 0 0.001 0.008 0.061 0.2 0.505 0.75 0.888 0.929 0.955 0.979 0.983 0.991 0.996 0.997 0.997 0.997
 0 0 0 0 0.001 0.008 0.061 0.2 0.505 0.75 0.888 0.929 0.955 0.979 0.983 0.991 0.996 0.997 0.997 0.997
 0 0 0 0 0.001 0.008 0.061 0.2 0.505 0.75 0.888 0.929 0.955 0.979 0.983 0.991 0.996 0.997 0.997 0.997
 0 0 0 0 0.001 0.008 0.061 0.2 0.505 0.75 0.888 0.929 0.955 0.979 0.983 0.991 0.996 0.997 0.997 0.997
 0 0 0 0 0.001 0.008 0.061 0.2 0.505 0.75 0.888 0.929 0.955 0.979 0.983 0.991 0.996 0.997 0.997 0.997
 0 0 0 0 0.001 0.008 0.061 0.2 0.505 0.75 0.888 0.929 0.955 0.979 0.983 0.991 0.996 0.997 0.997 0.997
 0 0 0 0 0.001 0.008 0.061 0.2 0.505 0.75 0.888 0.929 0.955 0.979 0.983 0.991 0.996 0.997 0.997 0.997
 0 0 0 0 0.001 0.008 0.061 0.2 0.505 0.75 0.888 0.929 0.955 0.979 0.983 0.991 0.996 0.997 0.997 0.997
 0 0 0 0 0.001 0.008 0.061 0.2 0.505 0.75 0.888 0.929 0.955 0.979 0.983 0.991 0.996 0.997 0.997 0.997
 0 0 0 0 0.001 0.008 0.061 0.2 0.505 0.75 0.888 0.929 0.955 0.979 0.983 0.991 0.996 0.997 0.997 0.997
 0 0 0 0 0.001 0.008 0.061 0.2 0.505 0.75 0.888 0.929 0.955 0.979 0.983 0.991 0.996 0.997 0.997 0.997
 0 0 0 0 0.001 0.008 0.061 0.2 0.505 0.75 0.888 0.929 0.955 0.979 0.983 0.991 0.996 0.997 0.997 0.997
 0 0 0 0 0.001 0.008 0.061 0.2 0.505 0.75 0.888 0.929 0.955 0.979 0.983 0.991 0.996 0.997 0.997 0.997
 0 0 0 0 0.001 0.008 0.061 0.2 0.505 0.75 0.888 0.929 0.955 0.979 0.983 0.991 0.996 0.997 0.997 0.997
 0 0 0 0 0.001 0.008 0.061 0.2 0.505 0.75 0.888 0.929 0.955 0.979 0.983 0.991 0.996 0.997 0.997 0.997
 0 0 0 0 0.001 0.008 0.061 0.2 0.505 0.75 0.888 0.929 0.955 0.979 0.983 0.991 0.996 0.997 0.997 0.997
 0 0 0 0 0.001 0.008 0.061 0.2 0.505 0.75 0.888 0.929 0.955 0.979 0.983 0.991 0.996 0.997 0.997 0.997
 0 0 0 0 0.001 0.008 0.061 0.2 0.505 0.75 0.888 0.929 0.955 0.979 0.983 0.991 0.996 0.997 0.997 0.997
 0 0 0 0 0.001 0.008 0.061 0.2 0.505 0.75 0.888 0.929 0.955 0.979 0.983 0.991 0.996 0.997 0.997 0.997
 0 0 0 0 0.001 0.008 0.061 0.2 0.505 0.75 0.888 0.929 0.955 0.979 0.983 0.991 0.996 0.997 0.997 0.997
 0 0 0 0 0.001 0.008 0.061 0.2 0.505 0.75 0.888 0.929 0.955 0.979 0.983 0.991 0.996 0.997 0.997 0.997
 0 0 0 0 0.001 0.008 0.061 0.2 0.505 0.75 0.888 0.929 0.955 0.979 0.983 0.991 0.996 0.997 0.997 0.997
 0 0 0 0 0.001 0.008 0.061 0.2 0.505 0.75 0.888 0.929 0.955 0.979 0.983 0.991 0.996 0.997 0.997 0.997
 0 0 0 0 0.001 0.008 0.061 0.2 0.505 0.75 0.888 0.929 0.955 0.979 0.983 0.991 0.996 0.997 0.997 0.997
 0 0 0 0 0.001 0.008 0.061 0.2 0.505 0.75 0.888 0.929 0.955 0.979 0.983 0.991 0.996 0.997 0.997 0.997
 0 0 0 0 0.001 0.008 0.061 0.2 0.505 0.75 0.888 0.929 0.955 0.979 0.983 0.991 0.996 0.997 0.997 0.997
 0 0 0 0 0.001 0.008 0.061 0.2 0.505 0.75 0.888 0.929 0.955 0.979 0.983 0.991 0.996 0.997 0.997 0.997
 0 0 0 0 0.001 0.008 0.061 0.2 0.505 0.75 0.888 0.929 0.955 0.979 0.983 0.991 0.996 0.997 0.997 0.997
 0 0 0 0 0.001 0.008 0.061 0.2 0.505 0.75 0.888 0.929 0.955 0.979 0.983 0.991 0.996 0.997 0.997 0.997
 0 0 0 0 0.001 0.008 0.061 0.2 0.505 0.75 0.888 0.929 0.955 0.979 0.983 0.991 0.996 0.997 0.997 0.997
 0 0 0 0 0.001 0.008 0.061 0.2 0.505 0.75 0.888 0.929 0.955 0.979 0.983 0.991 0.996 0.997 0.997 0.997
 0 0 0 0 0.001 0.008 0.061 0.2 0.505 0.75 0.888 0.929 0.955 0.979 0.983 0.991 0.996 0.997 0.997 0.997
 0 0 0 0 0.001 0.008 0.061 0.2 0.505 0.75 0.888 0.929 0.955 0.979 0.983 0.991 0.996 0.997 0.997 0.997
 0 0 0 0 0.001 0.008 0.061 0.2 0.505 0.75 0.888 0.929 0.955 0.979 0.983 0.991 0.996 0.997 0.997 0.997
 0 0 0 0 0.001 0.008 0.061 0.2 0.505 0.75 0.888 0.929 0.955 0.979 0.983 0.991 0.996 0.997 0.997 0.997
#init_age_comp
1
#n_env_cov
 0
#env_cov

#spawnmo
2
#srv_mo
 7
#n_wts
 2 24 40 49 87 77 57 79 39 44 42 53 53 41 19 16 12 4 4 16
 0 1 3 29 43 94 95 45 60 45 38 61 55 43 51 20 13 10 0 20
 0 0 11 55 82 79 79 61 53 56 58 38 42 43 53 34 21 12 5 34
 0 0 5 33 89 125 60 80 67 38 45 41 37 40 44 42 24 20 3 42
 0 0 2 9 40 86 162 53 66 48 46 34 39 30 35 27 32 11 12 27
 0 0 1 20 26 173 89 122 45 39 42 31 34 22 24 29 24 23 25 29
 0 0 2 3 52 7 146 69 51 12 19 15 18 31 19 10 12 12 16 10
 0 0 1 6 27 121 31 199 89 59 13 16 27 19 28 17 10 8 22 17
 0 0 2 18 27 62 151 31 187 58 56 12 13 17 9 26 21 13 14 26
 0 0 1 20 44 19 45 134 15 170 38 57 11 17 12 19 24 18 7 19
 0 0 1 31 57 54 23 26 91 11 98 14 32 11 14 19 12 18 12 19
 0 0 3 11 36 58 32 21 21 111 8 93 15 17 8 9 13 16 8 9
 0 2 6 9 17 45 78 45 32 21 94 1 61 5 25 10 5 8 16 10
 0 0 3 35 33 26 79 67 22 21 7 85 3 96 13 12 18 11 14 12
 0 0 5 16 122 36 28 44 43 28 17 21 71 14 89 15 12 16 15 15
 0 0 10 40 51 84 21 18 37 18 11 16 12 46 6 30 7 11 8 30
 0 0 7 15 41 49 101 31 27 32 35 33 15 16 21 9 40 20 14 9
 0 0 2 32 48 55 57 176 33 25 57 42 26 12 16 32 20 41 21 32
 0 0 1 4 29 23 28 63 92 20 30 25 21 12 15 16 24 24 30 16
 0 2 1 15 31 80 42 59 64 88 34 11 21 13 11 17 11 21 8 17
 0 0 11 22 28 45 120 56 55 43 75 32 15 32 19 20 14 15 23 20
 0 0 6 24 43 42 41 158 35 44 24 36 17 9 20 18 13 11 14 18
 1 13 24 42 89 81 42 40 112 24 15 20 24 12 5 20 19 12 9 20
 0 6 27 48 31 71 59 26 47 94 15 12 15 20 10 7 16 11 12 7
 0 1 20 40 44 28 48 34 18 22 41 9 10 9 8 9 3 8 12 9
 0 1 13 105 73 79 47 83 39 19 32 57 15 19 16 12 14 18 16 12
 0 0 4 16 119 102 99 68 75 34 21 35 53 16 11 11 20 11 13 11
 0 1 7 18 27 144 90 95 48 39 38 18 17 35 13 9 7 10 14 9
 0 0 9 45 70 66 149 82 80 32 35 21 15 16 23 14 8 14 21 11
 0 0 9 45 70 66 149 82 80 32 35 21 15 16 23 14 8 14 21 11
 0 0 9 45 70 66 149 82 80 32 35 21 15 16 23 14 8 14 21 11
#growth_cov
 0.4 0.413158 0.0831579 -0.186842 1.14316 1.17316 0.423158 0.743158 0.583158 0.493158 0.113158 0.383158 0.373158 0.303158 1.21316 0.543158 0.753158 0.483158 -0.986842 -0.586842 -0.296842 0.443158 -0.526842 -1.14684 0.573158 1.14316 1.21316 0.973158 1.57316 -0.756842 0.463158 -0.756842 -0.966842 -0.896842 0.343158 -0.226842 -0.0768421 -0.216842 -0.346842 -0.616842 0.703158 -0.486842 -0.776842 0.363158 0 0 0 0
